most_efficient_project_set,highest_efficiency_attained,budget_increase_list,efficiency_list
"['807', '202', '1319', '230', '1150', '853', '731', '634', '255', '357', '836', '1102', '663', '829', '1210', '1143', '1659', '1022', '191', '728', '1217', '1621', '811', '775', '219', '744', '430', '631', '1129', '1057', '1364', '1103', '128', '1534', '221', '379', '1198', '1110']",0.9987263589105543,"[0, 0.08992941800790104, 0.12855170157374388, 0.06903924759100111, 0.3888821542184108, 0.0729541493662605, 0.00013384673422286403, 0.10461233799370104, 0.07590314588190455, 0.004762061095619416, 0.17340316035218134, 0.16752909395198634, 0.012005109571553506, 0.01965386060437294, 0.35001932099606226, 0.1340057942524212, 0.1302123747862423, 0.12188985334281413, 0.03932580397757314, 0.17030986011594726, 0.1925579285609319, 0.13980113148927856, 0.07542580289021807, 0.025345294238923385, 0.0976351873621056, 0.03841342005551468, 0.016097949742456822, 0.5137010137069081, 0.040297568393608846, 0.03844866162320426, 0.003009664663437909, 0.07302258487521682, 0.1522708960354979, 0.0745832965850645, 0.004940249648685965, 0.4021056545247869, 0.33228751142393753, 0.36982868710408096, 0.030726878003991223, 0.1706717436021759, 0.08919710340920878, 0.061063130710828896, 0.19464226571981352, 0.022712685750392318, 0.10603598659724832, 0.0958084177774878, 0.33423955414795414, 0.059561911275186764, 0.02163358660669061, 0.006248404167191978, 0.204914193082447, 0.0457655447150423, 0.06896772091542831, 0.02785052701769241, 0.0018166451466551845, 0.028823348039498, 0.034389094386479635, 0.013874489063479104, 0.058554292002421564, 0.023004745008513714, 0.03970179463270925, 0.04413114691249041, 0.0484502613494235, 0.017545577301562035, 0.03518035331111328, 0.24628250903132984, 0.0830401522346605, 0.2620619955075367, 0.05353739121117592, 0.009791763883323487, 0.0057116963796970625, 0.2135089022855654, 0.04682290429154026, 0.0022359403038137893, 0.017905617411909405, 0.06937180382702053, 0.13969004263299276, 0.004152425741833078, 0.05883636709923785, 0.02005735147300808, 0.3513745963600125, 0.12821526898796834, 0.04788493650878812, 0.012109533860866734, 0.018413370591981084, 0.1250272794161314, 0.0993836341887703, 0.11685496447068368, 0.015872200448686452, 0.2599872457893303, 0.005832852391873873, 0.05900719958587016, 0.01948492977080651, 0.002744230089710807, 0.016257210095466126, 0.012616287929601308, 0.007730734335813938, 0.11196983382596763, 0.12171412377580623, 0.05723795244244444, 0.0054615985430705605, 0.06411090167301649, 0.014371904791811467, 0.016136994530392634, 0.1695455789560348, 0.05109551239343343, 0.008377773177381968, 0.030716977998957458, 0.05436176130663448, 0.04441916692282713, 0.1189003056326969, 0.026575440899320135, 0.003327742459386344, 0.003632910955080549, 0.14379275003140443, 0.035812095471986126, 0.09356812497170144, 0.03259268704116646, 0.1401885676807477, 0.013148076670896226, 0.16264893576268039, 0.020945606742056103, 0.016828750489315498, 0.04801532537187034, 0.04151993085145513, 0.38093141365459776, 0.06001526123875488, 0.01505514229096295, 0.035101059983498335, 0.04171807608356997, 0.10082412515300047, 0.22594469097580436, 0.09591620674290165, 0.09431548983643702, 0.22844504329942408, 0.10108393988771366, 0.21855871847322703, 0.31770754736077095, 0.0010264365148716624, 0.08672739793968481, 0.1211654025296094, 0.382252991164954, 0.10094597012482649, 0.0787858341335885, 0.29311795784279543, 0.048406092033609786, 0.08072648739310581, 0.1185006860441944, 0.09712256224800299, 0.004149998572353941, 0.12821179046001888, 0.04669826654859429, 0.03657649513798448, 0.18279888248158338, 0.3529187709506516, 0.0013232861189299058, 0.05566501503669355, 0.0727481288734203, 0.04123864996861837, 0.14800533700054203, 0.047791220818877996, 0.0494614730905372, 0.28089034966690013, 0.04528383525980974, 0.10971970114548595, 0.07444469000621246, 0.003633478787071453, 0.017064298572251, 0.09521000966876496, 0.20289188158597704, 0.03111572239379648, 0.04540077032356767, 0.24088134845446793, 0.04504640127967932, 0.0763870833085341, 0.01511653703047765, 0.11217500792903326, 0.06751418672328065, 0.018238744253312903, 0.09588017818912352, 0.09554128038309286, 0.038352761793606006, 0.056155491894125845, 0.03379073278865805, 0.013001168732263849, 0.0164156848509614, 0.06618778040659738, 0.03616394307815718, 0.006335774195848019, 0.09897497766100666, 0.06307719147111791, 0.00013039490076538585, 0.08735303017542462, 0.0430013594280251, 0.00649103377782542, 0.18452703897334172, 0.2135428885102542, 0.21633329896033654, 0.039921955248140926, 0.023285631123742375, 0.007945181212358233, 0.01589135685532814, 0.017038157876505845, 0.001525578568683818, 0.19395002998783342, 0.0633164042842397, 0.012302146446856337, 0.08549180953856521, 0.024203634980821842, 0.1908039230289991, 0.00858188212372275, 0.002799554305659826, 0.1340223818397517, 0.18659584376616092, 0.07235576866264884, 0.010998743372167179, 0.14470078083366633, 0.03877333957295806, 0.07090746267567581, 0.01958866800314936, 0.11220269941254794, 0.3125914234306751, 0.08695542538232906, 0.0784136932867863, 0.23923504550435357, 0.22590268940173813, 0.6463687537847385, 0.03497866894125614, 0.012386677183514496, 0.17298875066574979, 0.0558858377427919, 0.11720194297478027, 0.020584327208864227, 0.06244696401779714, 0.13747783521694484, 0.008627634043297883, 0.0526819750277931, 0.17499216082623817, 0.10397815810170302, 0.136729632437452, 0.024812601924954464, 0.5130950789142104, 0.058754899452181444, 0.09405190649964988, 0.09719654873259105, 0.005598367128118974, 0.08161476400617373, 0.044216183433902136, 0.19461445706305971, 0.005727916300285095, 0.12632377851920013, 0.19640331713256234, 0.005680129307186626, 0.10419930821589504, 0.041573318431510055, 0.029336495778326366, 0.020663718453535686, 0.03860235784940631, 0.33445618257783644, 0.008854858022319249, 0.053270304498158554, 0.20481326434463396, 0.02469325928863429, 0.178560133815443, 0.0029299681048789955, 0.15404918292065636, 0.5166186202035306, 0.40831073285196756, 0.010966094257584168, 0.10324656629908055, 0.3137731969433858, 0.5118128956130071, 0.10015404871007733, 0.19315345655872962, 0.0333667000333667, 0.0845857494729583, 0.07869601594111116, 0.01583588296109715, 0.04438505371495157, 0.17707687992176646, 0.13598147926945953, 0.068982286309184, 0.06890687887555583, 0.3565273286197792, 0.10700809970694503, 0.046176585498349486, 0.046838913014261234, 0.0005566788516584978, 0.30598608482932976, 0.22562982753043276, 0.30797347577021533, 0.05274336132157477, 0.26430620106553626, 0.0955563984064675, 0.07923861051168606, 0.030736228241192574, 0.11350593551462003, 0.11203056265041447, 0.4397153576525674, 0.04613006946097904, 0.002442327846268878, 0.12399625248447964, 0.04279742281682776, 2.7048494982998727e-05, 0.32436475075876015, 0.04599329387334486, 0.08477764634265024, 0.1459767375501309, 0.07400657943571358, 0.17235206123181626, 0.04813495109791569, 0.06505335611336796, 0.01326941362079507, 0.0815023811589885, 0.04500807333508767, 0.32933992740419304, 0.09430202428733223, 0.0039761422351931265, 0.21613183597170993, 0.15685970754243656, 0.0907475939154916, 0.04190522670169983, 0.024812601924954464, 0.04856522634566653, 0.013492937734858827, 0.036611210549683415, 0.005651065834522648, 0.005960807050983063, 0.07419813738953772, 0.096637256739087, 0.0773413913147714, 0.1470356162787147, 0.0027405119281602576, 0.13540029479988913, 0.009773581913034119, 0.0490715476631329, 0.01877752537628776, 0.013947786892872698, 0.059476955712449035, 0.16089887871881584, 0.10187059178026826, 0.06541487891509686, 0.25438449207997904, 0.017845343875404585, 0.022902427578580197, 0.07153628844493705, 0.0045792179520111, 0.05161061416426957, 0.1344729605683294, 0.10787459412753138, 0.0026135756856625527, 0.06733121224887362, 0.025930844254973762, 0.1274771508120167, 0.04434174663658622, 0.028240556719991476, 0.01875734254909137, 0.05817831879703398, 0.021846287233137245, 0.04226493990459641, 0.12540174466633366, 0.06651879328053223, 0.12510648049809714, 0.01523019999446575, 0.03006762652853721, 0.052920721879704806, 0.023382477667736382, 0.2505700083069724, 0.238457746155548, 0.08218959473096354, 0.050208279274695886, 0.023438924203289874, 0.011068077399487033, 0.03586961538158077, 0.19920708436029483, 0.029351010550335555, 0.07214598073517245, 0.08416664102668457, 0.03647564501952169, 0.022817986653765693, 0.09096903459299999, 0.14518385828940542, 0.25539332313398183, 0.10991349832892335, 0.07094614850481896, 0.03609056310335004, 0.0829027066512823, 0.24625215488102778, 0.045405997057933384, 0.18445055103622865, 0.04975266559843471, 0.14707029085089834, 0.015483236822465676, 0.14996688651485987, 0.07719278645570309, 0.029741016963475708, 0.01498171588299104, 0.010336959331951417, 0.002147076137324979, 0.009841355289987534, 0.04625801848333103, 0.04124602031675836, 0.03105837017532175, 0.29095155813990664, 0.18212552140419602, 0.07591852221783207, 0.19388906495531438, 0.03145519995672249, 0.011698167167304527, 0.046589218270564205, 0.009904382791216016, 0.20272428277835008, 0.057990914733306184, 0.14587281969865107, 0.05919933837954319, 0.011598771489686877, 0.013213830435267589, 0.24311343337940478, 0.05216728454366438, 0.06494195507195585, 0.05491591524946577, 0.10690850605488778, 0.11137248763128763, 0.35488720038335353, 0.0592295833591842, 0.0063668138342525505, 0.08921735824090114, 0.07912659722828022, 0.04873993939181793, 0.15413218383745822, 0.14811175084270087, 0.005744584379881051, 0.06367302279934924, 0.022137142540804483, 0.07830320613504047, 0.21861484628769032, 0.09503042154147756, 0.038301099986395276, 0.012389012769948827, 0.07865796535737916, 0.006699004089518037, 0.13738018784325384, 0.06771828968499344, 0.14977585423360207, 0.07331185096980623, 0.00044862696321062046, 0.05867017484625541, 0.05572774368388629, 0.3069776355978086, 0.047692114650678484, 0.024975552240825385, 0.0695608890954955, 0.0002883532457707613, 0.06475333454333757, 0.02808170606179097, 0.024607939744057988, 0.13439913571171647, 0.10024836475157031, 0.1773883119057985, 0.033243467663491136, 0.05350790366115891, 0.28338862636815976, 0.07767066717264523, 0.26634450545063415, 0.045264843977843625, 0.10474543477519314, 0.05712426538011767, 0.06800836291641624, 0.180802930114261, 0.04307486626385273, 0.01895059239598232, 0.43439105812152146, 0.013371810959877758, 0.11944170876802522, 0.06817583204101242, 0.22161031183031468, 0.013619374632571755, 0.0010900746310830516, 0.3124931489487358, 0.081076472541574, 0.0856529946494102, 0.07082845629462214, 0.013067068941348991, 0.14035389773593582, 0.13057609590614833, 0.11217419366247733, 0.027451844091726383, 0.007826684609832085, 0.007706348388468985, 0.009751809270095377, 0.01613059679598979, 0.10615741524222642, 0.005818672375757522, 0.00988596704756339, 0.05031975013048041, 0.1326536297980523, 0.04126927192230904, 0.12552252602928873, 0.013943895662702798, 0.0378292092336001, 0.024216074955990187, 0.10999605137108315, 0.04673188347014825, 0.0016131106290662434, 0.06153616821597591, 0.02162485198410919, 0.1109551186734058, 0.015893400831384664, 0.025616696573114273, 0.07140485567955296, 0.012965819551196068, 0.24596297232956427, 0.021238120404594128, 0.16060226501495153, 0.41204948384688644, 0.010023021902136149, 0.06397469604516853, 0.0446438459823473, 0.02313376363783331, 0.027091784203282093, 0.029730348166312637, 0.04150628454289298, 0.04586464801684103, 0.03421450395058118, 0.013768545243683816, 0.0241053231505106, 0.006461687040342172, 0.0225289427573241, 0.06449587917171973, 0.018650935314385202, 0.13986778522069576, 0.04539779901749918, 0.03610692034398323, 0.14386187775219011, 0.06040415341210271, 0.015927122521453157, 0.06598549795239526, 0.027808174896267412, 0.03330566731368547, 0.13223119520964688, 0.002987971256265205, 0.028039996846598775, 0.10305450926143056, 0.13434625947435055, 0.17044275400092726, 0.5023221912101372, 0.006930971379918527, 0.02189877870128005, 0.08191716688271364, 0.2810273304344855, 0.032538592928393215, 0.008845454039453596, 0.14911554932313487, 0.13030693117310327, 0.013618851392119768, 0.01667082420171334, 0.015973425575367094, 0.30006662327402095, 0.05533776314511743, 0.4384605758528709, 0.012886729912072566, 0.0076915336682930446, 0.18659835944393363, 0.02039062752446872, 0.07368056385657556, 0.029164516937067952, 0.32962595131911776, 0.15221224351382207, 0.038207239450120306, 0.18550762964800008, 0.12400646975364743, 0.19046057280821949, 0.14196006345064863, 0.003982368797370865, 0.0062786547127403804, 0.2775809244175711, 0.022913965760333603, 0.3656297440476908, 0.0016111756301818046, 0.22598148111729038, 0.22599320777682538, 0.16600463864521753, 0.08055842394680728, 0.09630615862806109, 0.006254962555481625, 0.1673380473029022, 0.09043681165129468, 0.04918285510096121, 0.0785584490699213, 0.002937875429068791, 0.06575776001959317, 0.17256100957360743, 0.031451040280660425, 0.034907119543386, 0.3001353967939326, 0.03673180038379217, 0.020421941670272347, 0.0733797848508465, 0.11563033500686952, 0.027475396145403605, 0.03732722763650258, 0.09893937277045038, 0.029989742002247584, 0.0160177658612264, 0.16067724816289086, 0.006692048518669869, 0.21977116073298958, 0.08064561671570708, 0.043213090393920704, 0.11315971729441994, 0.02959416156219097, 0.1100255051900649, 0.017373275493209904, 0.06636973884244017, 0.007579382389755381, 0.07214046959379804, 0.018512292512486834, 0.10029339005282688, 0.09424238928191735, 0.0882054088533079, 0.1115477409961125, 0.06769915953144219, 0.005977642908786128, 0.03387217060763018, 0.20287613095585966, 0.17605894642050096, 0.014870107618684581, 0.5373334295954971, 0.030437305000992457, 0.12030132501203436, 0.057912045781095614, 0.014478639217455036, 0.009394720253301552, 0.009921683516800691, 0.249863269569989, 0.32066630484582764, 0.09563942694882918, 0.0757619647275651, 0.0007753820735526987, 0.14071419302226018, 0.031764859657452786, 0.0038848159391946945, 0.017450974140057297, 0.004740669492352929, 0.14139542002334257, 0.0377610239329999, 0.06436603834050769, 0.045272621227835555, 0.06795653382424578, 0.14028482837033485, 0.14986192968782966, 0.07496826175361596, 0.009772686277964475, 0.0025841793116573694, 0.17973384226684586, 0.06084934821669478, 0.047201219026812666, 0.019778803915396465, 0.16888650996445292, 0.0607670905942988, 0.06821790087614336, 0.044629516035123176, 0.20797553984224137, 0.008152594407475705, 0.058872619667922864, 0.11728483258253333, 0.05508538235382122, 0.08740584868427388, 0.21754005281158395, 0.11804724277494089, 0.003782147347132158, 0.09348899912465039, 0.04347998420009813, 0.023571898619535275, 0.08338141862578267, 0.01212443616673017, 0.026323535329560204, 0.07688601690136083, 0.012526898956907038, 0.057002599803891794, 0.08492488969695265, 0.01883628502857379, 0.001228099011256455, 0.07007730481609416, 0.1715073389853922, 0.13231718090249892, 0.06637158608307045, 0.06251083829758258, 0.10599260666982575, 0.06721658847302853, 0.3287991013656653, 0.12556977734528654, 0.03044523374435914, 0.31189354037544537, 0.13243243311722205, 0.009160479643628903, 0.07571313992513237, 0.10749586549102372, 0.1241236231912469, 0.005325379446447017, 0.046680933975719145, 0.014601384123595485, 0.13555958005770588, 0.4568445658972349, 0.05291061277607153, 0.019778737445942395, 0.04800041482880392, 0.23794793740457373, 0.1019527427246465, 0.28109782150005186, 0.22451267164485159, 0.040220195445496064, 0.02087631271039038, 0.07988789622265377, 0.4322972828168323, 0.03328205902392319, 0.07478408078695944, 0.001776112165586816, 0.05872762645201862, 0.06345032358096991, 0.11357586174118547, 0.2258003745754534, 0.03966387194442047, 0.019548268260026844, 0.012986309353791628, 0.057221575695945326, 0.01491496896878934, 0.02878523410988501, 0.06448255567413214, 0.04327563488860505, 0.0547497288030996, 0.25320677501128086, 0.03015611453881463, 0.017412646104695565, 0.03327676806674435, 0.06995855895432579, 0.0006837793247825565, 0.0036699359442640277, 0.043898824699246164, 0.02627566908151005, 0.04890614365139649, 0.023998884609534223, 0.001966119194319786, 0.06971775999934934, 0.044076644390685885, 0.07423891472466448, 0.05604932050442142, 0.012229319817784821, 0.07236084332209318, 0.10666904562191938, 0.12771789028844927, 0.15107981930391678, 0.06243347235106721, 0.03801689089306029, 0.0647631568173864, 0.02646632929889498, 0.08405373707383261, 0.11732195959383679, 0.07926183721236493, 0.06313371885284179, 0.0030646679853608963, 0.055070069988986524, 0.016138870704490188, 0.011127406922565246, 0.3005978608661455, 0.0644162637749454, 0.09061156427103767, 0.015468537025346249, 0.27865019372359606, 0.11238591183377569, 0.041290728230639936, 0.07717724244320504, 0.013192537386379845, 0.06647438406289088, 0.06470047638833763, 0.10654721641502368, 0.004007214033994711, 0.04880886037886827, 0.5239149797602299, 0.13783670015366128, 0.07091550559202182, 0.08553480429668361, 0.037818748247417655, 0.14633024421038923, 0.19355850234375768, 0.04571508065261549, 0.1268098565459078, 0.1746732320373466, 0.10285944581467034, 0.06602719031332738, 0.051748848013919, 0.021728122572541593, 0.17201889431352133, 0.17643483927205109, 0.009613593783552733, 0.07662472840613012, 0.00465699670139426, 0.030521886778040776, 0.17413111039131038, 0.24785727739228913, 0.14101199787659305, 0.031043937433113566, 0.23236953547449138, 0.02406877715199884, 0.09445040038217407, 0.026352450986017135, 0.07519416751827523, 0.06585846628040042, 0.010509432475110356, 0.0589200229988155, 0.13584647002308892, 0.06596701414152857, 0.10947619376869172, 0.1858743125874776, 0.0016561473164507158, 0.09242674691589468, 0.011912793516438319, 0.0017371094991054, 0.043516454587431655, 0.07992057168477718, 0.12850732743971954, 0.03432264119954189, 0.016795472396591325, 0.038696852835564795, 0.0020371394309157366, 0.20026807418943204, 0.01169957062341726, 0.06871442355761162, 0.13738902198548752, 0.16046177211766835, 0.01094465008556289, 0.13436760749698703, 0.06123811129854079, 0.4511572248340456, 0.001398057743431891, 0.12330120925728848, 0.008388038885899023, 0.31352104147825677, 0.02101497851510997, 0.07504272391169181, 0.4262656995736099, 0.2584896204322971, 0.02521586249587589, 0.045582264748521235, 0.026840716165521833, 0.030415234817510007, 0.10327935373006783, 0.18715296000483145, 0.05917782530137654, 0.04035612691949735, 0.060572362818679046, 0.141829577374047, 0.25509030740368566, 0.12228427125231814, 0.28696927057772564, 0.007581000329212315, 0.22327617666185332, 0.26724701492410735, 0.018549671692208662, 0.01476029350971613, 0.16655012662001142, 0.21026639737076303, 0.5042441478029941, 0.082608908127085, 0.07256352778475342, 0.14286067421895746, 0.05563081672500048, 0.28488886804135083, 0.10865854287678903, 0.04202956289413913, 0.1183117032323464, 0.06658995706938406, 0.07641123793950226, 0.11132357019036135, 0.16555728174146608, 0.008085441029671434, 0.0040847840061064055, 0.020322358154829617, 0.0358751024695478, 0.04084848662861833, 0.22143584798187602, 0.05264693678583574, 0.06667919175954448, 0.20466215874848717, 0.10916374868803674, 0.1476043965086496, 0.19498568432814267, 0.4373375967864061, 0.02770367751670362, 0.010916827019371756, 0.07987694776870007, 0.2934814980167639, 0.051289187517462635, 0.10837617236810314, 0.15852518035480315, 0.04690310746737223, 0.029068915955661932, 0.030688068393188703, 0.033680989644680644, 0.02416079751165484, 0.20773775512514658, 0.031126106481889432, 0.009441438975088274, 0.038398806880537935, 0.39751653265097686, 0.07841977246690264, 0.05420617456486482, 0.10032865281180013, 0.1391054510836465, 0.34253615391151354, 0.12652070871662713, 0.08044391317476471, 0.08700414320748912, 0.3026750854282851, 0.2613589505769501, 0.13349258564661143, 0.06800792634735518, 0.41450975663093564, 0.01268416346034565, 0.18504021744102864, 0.02102214822935107, 0.007572809895862924, 0.06316863398789117, 0.01839003892013821, 0.16948746517132032, 0.2745620864755814, 0.060405211402219876, 0.25061060292076576, 0.06563140386241363, 0.15138186527640643, 0.0792255984066408, 0.06548577403338751, 0.0473288952516251, 0.24590076591151575, 0.13522078040283425, 0.0030204135272660993, 0.1186711798846357, 0.0650881741207268, 0.07353074987889102, 0.012240190598923943, 0.13487213914194723, 0.08544044308437548, 0.013562247324943186, 0.18915087222197488, 0.11437984113030764, 0.09257697713744886, 0.08393357844060466, 0.0023906884787734182, 0.006138738664680476, 0.11161667051129429, 0.05999696935876326, 0.0757997228049958, 0.07007119990459466, 0.10090704744333098, 0.006827313336157069, 0.0028550358352623048, 0.20181952590092936, 0.09984538206241736, 0.014267605290208, 0.07351372883301568, 0.052311519396329414, 0.02516626120042432, 0.0260462145308656, 0.047167508566592006, 0.09378758658086503, 0.019303580890029922, 0.15944361104382698, 0.09882826629589116, 0.14595065432339938, 0.046736654533615855, 0.1321579366977986, 0.01041792316421648, 0.04820690523297394, 0.09521103232169076, 0.43278962044464925, 0.0424878408367846, 0.015547608827390157, 0.08445098706904305, 0.19786253275862006, 0.2624889354393199, 0.10436234745132406, 0.004222235396827279, 0.07679666381053704, 0.00896187593116756, 0.012458043921503388, 0.09121716637216754, 0.01479419267624924, 0.29267934281200275, 0.06595652822421773, 0.02213077405323685, 0.14568499022834497, 0.04234213937255975, 0.3781605915963459, 0.11030196767110988, 0.027925656273419502, 0.11372186771081803, 0.16662872877430474, 0.23973075167549035, 0.022401761903773056, 0.6061782947311035, 0.033733882211186075, 0.01685560360118294, 0.20994635486238636, 0.08282424096571574, 0.010901760502581315, 0.1344471940022043, 0.2144588847588568, 0.0683816032307278, 0.025320228171566966, 0.2665756836440444, 0.014153046475032108, 0.038698708326079516, 0.0706004630179815, 0.0770266703409555, 0.47679534028742865, 0.042493548414190604, 0.02283866769413347, 0.04366090758004562, 0.03960381575781932, 0.05426988034522822, 0.04667337775148205, 0.06076819466750664, 0.0970721680779086, 0.14948437579148166, 0.32558935500071173, 0.1900390149199058, 0.0656807895856627, 0.11326465555077761, 0.19864472748813716, 0.20224876659501512, 0.1573239583736005, 0.0076078373249901556, 0.2918327010984492, 0.4069267996659927, 0.5851392704267993, 0.05214153300602636, 0.1335031764045413, 0.030848575233095678, 0.04807676815826515, 0.06309693906240758, 0.029969269739727616, 0.08080914481018718, 0.08295241255584877, 0.331796513987089, 0.1693059982883243, 0.021382200169841152, 0.034358630977980434, 0.01580659481875041, 0.030964875407460526, 0.3005830442118183, 0.08737409267414663, 0.04882464686431948, 0.0550387998784788, 0.08299657214530533, 0.23714367671276781, 0.010535099835110246, 0.04057005900937107, 0.19896749607852737, 0.04357949578085528, 0.06907275553341742, 0.066163975071154, 0.18312319746893324, 0.0033896523619430284, 0.030357520283567162, 0.09994744651685272, 0.2778532837332352, 0.06537745601874063, 0.06137018579609289, 0.17535067519354472, 0.2330309800599886, 0.017650473151333817, 0.06316394443818599, 0.22678488012664447, 0.09685643797606631, 0.10839062067842396, 0.02513179969459839, 0.1849082518639073, 0.15022651126094197, 0.04209231622086148, 0.09016377782524268, 0.01610569399609012, 0.15822387907433266, 0.05018152173781397, 0.07665576435251742, 0.18245185464808594, 0.02272161841373764, 0.027328682401177546, 0.2189810085747782, 0.16900276496357514, 0.02152410716687611, 0.23861301515621774, 0.24756829764587818, 0.024217066474699327, 0.08048398456864002, 0.2027202077532514, 0.14418350334059118, 0.7551046918010094, 0.06257205009418529, 0.13511024964844562, 0.07359877423376349, 0.3290915285324145, 0.23347463823753836, 0.11885140824015394, 0.0015607565054441166, 0.11087644028989369, 0.11288442149221785, 0.12037121009379656, 0.06576842419448632, 0.03126385732731124, 0.4175743587402831, 0.17595491375327685, 0.04714343802859268, 0.025655650901621106, 0.15298659594664055, 0.4378633464656444, 0.15911481854680998, 0.32635999256744097, 0.09208757337781369, 0.11983863326799937, 0.15225057361186448, 0.46348084014419644, 0.020084838222847762, 0.1327773468555478, 0.00469426202933835, 0.15905859927998617, 0.08329994661885559, 0.02158579295882471, 0.047649785269804304, 0.7275892337016019, 0.13047393465939897, 0.03800844158521001, 0.018356316384279335, 0.05047327290464976, 0.025987828879848355, 0.24137180762122917, 0.056278931448112905, 0.023232714571308315, 0.07454196542302544, 0.11342384199733758, 0.49203210170402345, 0.021675497488411195, 0.19802332234250733, 0.0499754386653152, 0.09369966096564879, 0.22688231112495905, 0.20305647529045168, 0.03894211391762601, 0.3473083426615363, 0.00178782535486806, 0.37220642374810436, 0.14165764765766928, 0.18243265725098717, 0.16463369558280694, 0.339325506922871, 0.08932034997433444, 0.04189318374538251, 0.006093303259876807, 0.19713761730587545, 0.03194394269905687, 0.004861965451176689, 0.024812601924954464, 0.07112968849695492, 0.054487881282346544, 0.09438028842111754, 0.00042938150661954314, 0.03111412436555003, 0.33368829183956444, 0.11721882696525515, 0.2846500043365726, 0.17981220006572432, 0.050220924704242546, 0.09608057342309828, 0.08468175605764523, 0.0019577472724940856, 0.34249122705660057, 0.06434651649597016, 0.18893632730216647, 0.039346355634553416, 0.03072211447581136, 0.04364496455012885, 0.14508992544421825, 0.10446252302840707, 0.04266687888785277, 0.4134772015833051, 0.010272071862623997, 0.008243985518079111, 0.0039886095154881476, 0.18425628281618808, 0.021943232463046275, 0.27473545711481295, 0.09440151741611107, 0.13927969467574466, 0.2509450127617732, 0.05370636614930516, 0.100498135139686, 0.06357111237658226, 0.14381784503324113, 0.0448751864459504, 0.051987952063983545, 0.03917333011230738, 0.13614477421009188, 0.06574309114085045, 0.09637732422459745, 0.05485241935570113, 0.017662716441311514, 0.034664583414108066, 0.18958510337074444, 0.12743840517959815, 0.043248674613466716, 0.06898225174059941, 0.08503855843253547, 0.027948131735362754, 0.3611887497826017, 0.02426534040435605, 0.07029588889337415, 0.1523522231118518, 0.1419918735335292, 0.012798505909893428, 0.045703847001562006, 0.07805965629376833, 0.012143958210962752, 0.10350522423154025, 0.016886227366900357, 0.06858993232380357, 0.09670987015286116, 0.0717181867103131, 0.015397053076261777, 0.07407046263464243, 0.009318570115807565, 0.02854765878211645, 0.26370337629210616, 0.04486177141338695, 0.07680499110178295, 0.025665499302087846, 0.00300416498175221, 0.31533573105394375, 0.12804538037975444, 0.04462819629312816, 0.1722919666211663, 0.26289067081848244, 0.11931187632383201, 0.06400548159489534, 0.06302808234135036, 0.004727675935095277, 0.018674295682687282, 0.01821907992969614, 0.12258805501620731, 0.07602737418730009, 0.22878172893630858, 0.03355461059858443, 0.06733231951912144, 0.09727927114937389, 0.04543881469327806, 0.14021634692685653, 0.005578131970369672, 0.024420990828388424, 0.06352946507548976, 0.09396357745047322, 0.007045116448800277, 0.11664971367866364, 0.01497984032762613, 0.12440530188436977, 0.0504741316233252, 0.07134327462131622, 0.011284701089273468, 0.013212339705789613, 0.05772307775153254, 0.2858246967651851, 0.03603400854478369, 0.1406900186101561, 0.11351933321652115, 0.284609333171255, 0.04594592964182934, 0.078608717719558, 0.14957629259444208, 0.0330988308430421, 0.16640829044380281, 0.09432933192390597, 0.05053422701012572, 0.13547989080254158, 0.2880176634054138, 0.08483911013362865, 0.01925543862084056, 0.06628601514660719, 0.025843746912027066, 0.06315427842603433, 0.007444522204293119, 0.10843307313203462, 0.002187785445777286, 0.024405374679485364, 0.13545228683280908, 0.11096466960662682, 0.048689215196561476, 0.053471860120867284, 0.1504294092590224, 0.29875264539283797, 0.025896055965548316, 0.3150586595213807, 0.009447404172234934, 0.13024502161836504, 0.20850013500768405, 0.07358714806031585, 0.009387912477044933, 0.10435059697912344, 0.26497090234615955, 0.00741186763543686, 0.1481118211459514, 0.04175055915876374, 0.38477165266710006, 0.04391627667867012, 0.14075108280472456, 0.04266141481588681, 0.03039803713942855, 0.025220819350249963, 0.25417650187530394, 0.10720238954996585, 0.06377391771327924, 0.024043290043392142, 0.25833305202029366, 0.04784389834237178, 0.14185308750881118, 0.0007428943719227218, 0.01743625218329017, 0.04213694287694543, 0.002597465239206528, 0.038941574280942096, 0.006161459213239235, 0.049729168667757645, 0.08114058339331065, 0.027694818693626274, 0.20968992350392346, 0.1389417038848496, 0.19310709957313507, 0.02144516223086955, 0.15678184002864878, 0.04328597180270546, 0.27987444087772817, 0.061200062948348476, 0.1874145412324013, 0.07235757996061323, 0.32036947166278223, 0.25494422516613596, 0.1234077543721684, 0.1688241672113138, 0.4023547422833264, 0.12098258915014598, 0.2182385343170726, 0.1923327134038745, 0.03811685668059802, 0.0504753134080305, 0.49392089850867643, 0.14716521864736148, 0.4542521928336551, 0.051814768537245905, 0.3550117034736883, 0.13092223799029873, 0.12396620033781111, 0.26032600133683165, 0.1430438265262206, 0.033782986708085966, 0.01785821781862327, 0.19536606614175742, 0.22858457186839476, 0.011369029948122427, 0.06223994513187239, 0.06486623045593645, 0.0008926405837431958, 0.06935977424051129, 0.005044236123952724, 0.1602712151066065, 0.08407003320091994, 0.0601843910569511, 0.012614697873262684, 0.13062661353824936, 0.1001841853328568, 0.06720474410079562, 0.059095994498141985, 0.27504758613513486, 0.048284771046795745, 0.20871271789660523, 0.03467979934369808, 0.14116262841243157, 0.2976176464192922, 0.15657742909528233, 0.09460251339774631, 0.005328292909361018, 0.0737072023063404, 0.03959486596062478, 0.004029614799385551, 0.07117716233394186, 0.08048823039952517, 0.07991946623381857, 0.24653544893404017, 0.039056297760944485, 0.0989235128257946, 0.052029712959569464, 0.004246375603578442, 0.07603130186252936, 0.33178109077581636, 0.0275434519464918, 0.04857288882408743, 0.2930231076209057, 0.2685971172693445, 0.008192279580066238, 0.11435355545075176, 0.03592911265654785, 0.17289309338041486, 0.06534423337337027, 0.46950144210984474, 0.03368821238949401, 0.1760610800170079, 0.19878623479989238, 0.011599693239381275, 0.11261848363205437, 0.06986788842682774, 0.048819429833216174, 0.08691082460767555, 0.021860955979148118, 0.01817626667079993, 0.0321119905222452, 0.13277418812044545, 0.1121964201009883, 0.03839050291931889, 0.04848909584505895, 0.050539194951751326, 0.013098624802277317, 0.08041331695694119, 0.01637740838970138, 0.06773874893574032, 0.29954188517436375, 0.25174669672233335, 0.15867494574718008, 0.004047940779774611, 0.03468114116839172, 0.038630953893605297, 0.23685047796889486, 0.19102828686153678, 0.03909334932797163, 0.033021767524507306, 0.10218883971005535, 0.015837901838063995, 0.10660715963076632, 0.04299539966173236, 0.20447382675927908, 0.17969097273610393, 0.0952848514253827, 0.23503597055264938, 0.011139696603676218, 0.2863306053726859, 0.029822715733525393, 0.15698762266857821, 0.285515245222533, 0.00046413999299326153, 0.0847003512767969, 0.0014045886275830242, 0.017530319550146944, 0.2504370576021817, 0.01927968733183172, 0.05756716724850608, 0.23556988807428694, 0.17417431464392544, 0.029600590623742283, 0.08205989015174643, 0.05170860981721713, 0.05169790401814625, 0.01268087675227099, 0.03425884937339309, 0.22639865717417368, 0.0036726945388283498, 0.2257411351498295, 0.008847056388531258, 0.4491977733596842, 0.010671048935858053, 0.03143680420015561, 0.05667616837908732, 0.004914971749463319, 0.02102811617030527, 0.004443297156022031, 0.1693016135142539, 0.05344978410370336, 0.12923200776591046, 0.10203285584479412, 0.0881527677149426, 0.03416323632848554, 0.08581356095830195, 0.0002790470431766461, 0.03387452955017735, 0.12656380429494213, 0.02337491360456951, 0.12688200707159078, 0.002526303902402484, 0.04992884193019324, 0.16105426809303952, 0.14835315770340554, 0.19138895743449988, 0.11087793723009279, 0.20920547833927444, 0.21289435419052888, 0.05804860492736837, 0.054554847608722916, 0.13252256770072884, 0.003218445164269059, 0.02181368381679603, 0.007270715209223751, 0.16717223947836354, 0.0006851668902658075, 0.047071592336197995, 0.09573357123769789, 0.08324647345385028, 0.13591137989446983, 0.14828292435019502, 0.048740679217782336, 0.01573861101006808, 0.12692484143333904, 0.05270986990165223, 0.039619097222463914, 0.024981928163550764, 0.0875348503403137, 0.02385197094143399, 0.00923773581299038, 0.17400326099584826, 0.3029081513464124, 0.0021967094617656824, 0.10439079913719004, 0.07542537726424907, 0.13154450907457463, 0.021072612120529414, 0.18351363960464137, 0.026977286809407464, 0.13654217561151757, 0.05113685858430344, 0.43132341816506287, 0.06074542709808526, 0.34421576740514137, 0.20475942869663677, 0.14586035452331342, 0.1857223282964337, 0.14227375210406512, 0.7403216810879929, 0.03413709643639828, 0.0293621442768318, 0.19707353790482338, 0.061162477110543165, 0.11129287993815869, 0.1939715570064389, 0.021384964870944947, 0.16869033691610205, 0.10973616202179597, 0.44321280583274725, 0.5734844516179226, 0.11581375561576972, 0.16926485329121913, 0.020175620114089354, 0.03474309231777074, 0.08935509122692406, 0.009887235527949338, 0.2612093329034786, 0.017072874619264353, 0.036096723738578834, 0.2737785908796659, 0.07085021551508815, 0.013446486170377329, 0.001089784607053286, 0.17063770341304485, 0.009787576953629858, 0.0766581545899125, 0.027784206752277614, 0.04365099804149735, 0.0576689501632975, 0.1222947476420818, 0.14036710997832727, 0.11968317761693799, 0.06768558360327544, 0.3567881761757808, 0.02077641618224087, 0.04528338928713656, 0.042667181525471116, 0.007775205987607597, 0.06855226804494785, 0.07066734956788585, 0.03810240854084224, 0.009852742875519944, 0.11240172743207827, 0.07650920071426831, 0.03704022881186148, 0.025645935703457877, 0.16832112428985485, 0.030869659093866433, 0.10366251414626731, 0.1596988641409526, 0.011301636515356851, 0.02077641618224087, 0.04124089325600852, 0.014110336746025878, 0.02070416023101859, 0.08059705306501241, 0.011906296993237572, 0.05610140437994977, 0.02209857873068625, 0.02293337429008458, 0.2846656376817971, 0.10460382265502287, 0.24309292231344645, 0.08221290329410405, 0.01779953011801156, 0.14007663246994112, 0.1031370250480442, 0.03421825037264614, 0.08599491741904547, 0.2118853367879306, 0.22534670204982898, 0.08503152958349929, 0.31736980069882925, 0.12039900011027918, 0.002289534994788043, 0.11041015412569656, 0.15470302922430895, 0.059016094669507725, 0.2133483560704682, 0.3386465768482136, 0.009117458097482866, 0.18916185723964896, 0.3961980310290587, 0.05455679506127867, 0.053342221613904416, 0.19548003637626143, 0.3002603031715613, 0.011071691827134416, 0.05311358462881946, 0.1802894534995345, 0.02460864579553174, 0.167792659895685, 0.05405148206273315, 0.04050470095129495, 0.2022929287756736, 0.1939133660394853, 0.06350379205369149, 0.11217201397679175, 0.0175624842563582, 0.08011548072925585, 0.051041830475562294, 0.19839543492117634, 0.30656124970195076, 0.04601193725554152, 0.13286855507375187, 0.03489576627848415, 0.07017113103016896, 0.11455958475356365, 0.10098066518094838, 0.08547529098652182, 0.032620760468661726, 0.14683624429344044, 0.38904616249529345, 0.024812601924954464, 0.1063886266938965, 0.038033938685580714, 0.12569673119399832, 0.21636967013231453, 0.06868400479761577, 0.021355895907548494, 0.16726728285572134, 0.06797148559330828, 0.042647122202636736, 0.07585033010213871, 0.0051512482225561105, 0.527361396534218, 0.1495485364475598, 0.09133771302517668, 0.2766363973652918, 0.27268930300372907, 0.01434603229810946, 0.13293865166230048, 0.15386279703987976, 0.15045146258162811, 0.13196658581172693, 0.22553965617049238, 0.039169169143316834, 0.07433261073565679, 0.3074955334623048, 0.013330072038942015, 0.01657886658032922, 0.07919176003286536, 0.1805824842718139, 0.05335562532858679, 0.047112048830630006, 0.1757207289428953, 0.35246294070778444, 0.056081635983946485, 0.038220646412296666, 0.0855537400820571, 0.10979853541376974, 0.00789148111502941, 0.1479467827332242, 0.08536944352479814, 0.013152494264684822, 0.08059543226239388, 0.3761532098691328, 0.15626269829266667, 0.12614299161692985, 0.023496146003290228, 0.01135953583576752, 0.002288170980379759, 0.1388780096610233, 0.0290087194684312, 0.10036681898773109, 0.0809170642897361, 0.0752562972080529, 0.02005573912021032, 0.019286087487072032, 0.12226795574737352, 0.06977796566408653, 0.35308755399811675, 0.022708241089676593, 0.29186525895727705, 0.09297816147297507, 0.08021994412425815, 0.07927138486509207, 0.15064745998958337, 0.021299307393010194, 0.29734471868093665, 0.04271853592274366, 0.044854433210783896, 0.12084265574222086, 0.14560681651486324, 0.13596009359459305, 0.01292372516830123, 0.1078675382815657, 0.010234287174605694, 0.17808126860296633, 0.0771241167370584, 0.2195058302417338, 0.006573454820980095, 0.028338833151973143, 0.1500715688935364, 0.006500449770494335, 0.1136470217716608, 0.036373890981801806, 0.07044844486956844, 0.1345195286710607, 0.1379279881135061, 0.050386193480316616, 0.14211238938111256, 0.34758428561966687, 0.022259466635214144, 0.085977744198431, 0.10845048219117165, 0.12227295036542393, 0.07571208222010906, 0.14455879559931367, 0.01200852323910659, 0.04783443274278359, 0.2246901845437277, 0.14662538503804187, 0.0868631797142574, 0.29417199112575054, 0.006253584561405377, 0.10953380065892881, 0.455046467588591, 0.0026002520325713653, 0.004322428231520431, 0.0271435749108671, 0.19602261764269077, 0.10280239017727856, 0.08448814715446841, 0.03295489394272961, 0.07447625007217394, 0.0033108271921839312, 0.028499447863888732, 0.2501996311889652, 0.0946448483109248, 0.2655931373645886, 0.002685867835148725, 0.10128322842270804, 0.28508956837273874, 0.01185249428663846, 0.07710732221312075, 0.06288660612441412, 0.032305531566598336, 0.015295203133333192, 0.033212721772299864, 0.03475836309801998, 0.017408842078324827, 0.057115246247605535, 0.01568384268260825, 0.01612933016728663, 0.2542692150626111, 0.2789125363682974, 0.1383934257864829, 0.22642277552274756, 0.7813388290681571, 0.09623063967221716, 0.2235100790138194, 0.0017645313089818713, 0.060135069894283154, 0.5061953867196564, 0.29884664756241763, 0.024812601924954464, 0.10145413923293936, 0.10870794323791182, 0.034646610938391324, 0.22502861242374617, 0.10505133219333719, 0.14676274143880602, 0.0022006342206529455, 0.07374335006082776, 0.07435390521438469, 0.07897337177572286, 0.18112329736911295, 0.008397422707687058, 0.0042804334208459615, 0.10587786645403723, 0.11570024358904915, 0.011505344546857622, 0.06040815269447165, 0.16813744660724272, 0.2322616250226028, 0.09694603247281193, 0.09082357745581675, 0.11891045593242183, 0.022123462385260594, 0.19810518160296933, 0.0005124681722237851, 0.007337120875558703, 0.04656491808384849, 0.1986176497751931, 0.012399527793440201, 0.11653427279002511, 0.03910448234694207, 0.01054831052892261, 0.007154140787715602, 0.11106679407161643, 0.17664701914626654, 0.12339500345043783, 0.11004145589512675, 0.02509607936684098, 0.16438815951250796, 0.08872773488356785, 0.10059990884199291, 0.12122529555006324, 0.04964324287410333, 0.14094543809915328, 0.11155727075970163, 0.08060870067354517, 0.071720938070438, 0.10796751870798806, 0.14401195949744017, 0.029878842275152848, 0.05736065436387396, 0.0878854247345465, 0.04016640924035056, 0.04113999135622201, 0.005191827960386631, 0.04348832598217992, 0.12686774713101834, 0.037376604597771465, 0.06809712115960947, 0.05852453003369052, 0.1776055492204104, 0.07243338849954076, 0.01733595811105095, 0.029984593398664137, 0.07309501589124352, 0.2157902443171265, 0.03117031208562336, 0.013224828862467522, 0.11347149705732308, 0.055332645059634894, 0.12894282836016333, 0.0396205239583283, 0.1676355337654852, 0.0925675667107791, 0.3595651993119889, 0.07682062700098308, 0.014597520055416719, 0.2790779092486252, 0.011207851662711169, 0.0016274230127705789, 0.0027990119259647776, 0.09400632707392133, 0.0387001969828905, 0.04580621267788308, 0.0652108866812579, 0.1390567840635879, 0.2552350225154893, 0.07847144222187448, 0.08831647001357797, 0.04493945481407835, 0.01390739388749809, 0.14351573972686055, 0.150012114387636, 0.17147656680184584, 0.031198916656324106, 0.03587510284938102, 0.04885486511243075, 0.25582742027452404, 0.015516097986101448, 0.23587993419228515, 0.0992912545546447, 0.037742606253061674, 0.03792236535402291, 0.05654862102527712, 0.10044628646404301, 0.006084600634603599, 0.10034368872017765, 0.17445229620493613, 0.051689719031670404, 0.1522517415171585, 0.025235993903240835, 0.13394045917965133, 0.01387826144178374, 0.08728953921220946, 0.27889436482901425, 0.08846322409962228, 0.07455171381379072, 0.028926221145110727, 0.018435718799949423, 0.17165259757994594, 0.20358327374025492, 0.4502099301321904, 0.15213303256122293, 0.09569948664737518, 0.06489864533825843, 0.16335265030040313, 0.04839958679679906, 0.035301730864466974, 0.11071701200647191, 0.07393775381693657, 0.052345630641624154, 0.12071282189055374, 0.002378469828406599, 0.1476467996557745, 0.33721049811631076, 0.027593565669298922, 0.0571647321120094, 0.18014671934595608, 0.030964620769406946, 0.0404568955058637, 0.10209921945264884, 0.1567148246991862, 0.060348109884679264, 0.17096425434689413, 0.4031337540525919, 0.11962443984020689, 0.2567183684212742, 0.5033751250254747, 0.0752526501416202, 0.03414631751796949, 0.4806569796505014, 0.4010651557948417, 0.11644086159316734, 0.006077058726847107, 0.09152508121841094, 0.06220973149366494, 0.1403739633386994, 0.06745614803729233, 0.016842271358910806, 0.03014803528503751, 0.17145983577195642, 0.1784502597544717, 0.1339143223371054, 0.05475851757487727, 0.41392815073668293, 0.09244341334577752, 0.0004698424293518284, 0.029017516915315462, 0.08732096674112357, 0.2026058763873421, 0.02406978940372349, 0.2718597692032427, 0.3757433305354034, 0.3285765590770966, 0.10517888084193781, 0.1364131140287664, 0.24784967820881088, 0.01452289745322118, 0.12431745519700672, 0.04655585457157159, 0.2016989143098792, 0.0281783802962354, 0.10830496502965324, 0.04188867178129323, 0.06649425561886042, 0.0011859775940103014, 0.14127900049209335, 0.04906178750138684, 0.08108207328631375, 0.127393490789867, 0.1561813396266955, 0.06202608994367749, 0.16388129946740018, 0.1271121183132242, 0.09163008725877285, 0.12632628013118632, 0.20289747071831002, 0.009395474760440664, 0.18779342881407904, 0.07603938529598916, 0.11189519642150078, 0.06367463267633117, 0.13777843596182004, 0.19760932125846248, 0.2392916697522982, 0.06607025369516042, 0.04358231947369905, 0.17815389169703716, 0.021444729704155285, 0.02586792218365495, 0.03176854458993486, 0.15441031176740663, 0.23041984656055534, 0.015156894580942076, 0.22456205067766458, 0.033666022996772633, 0.3507754015057834, 0.24453642827705033, 0.042865759291087116, 0.172101662683737, 0.005834491583718956, 0.03562411745822446, 0.08997347781147726, 0.0751721980325985, 0.04924487046478574, 0.02847208629031893, 0.15747702457925614, 0.018005430161634674, 0.15952467399438808, 0.06185145804428378, 0.02095027838778031, 0.047945288908094484, 0.127453280132524, 0.09364680401544676, 0.04997334650366506, 0.05706737409478202, 0.049690850261407224, 0.4042700339319226, 0.28368302028057535, 0.0656846304946622, 0.02337792231405912, 0.14485724988329698, 0.04900901553372393, 0.10750765459567675, 0.0158577213214789, 0.045020594911273394, 0.012801075941842599, 0.010987965412959462, 0.10785150848408102, 0.13822604086654428, 0.0663652681870184, 0.15786308272603192, 0.0043828204018511825, 0.25940648434294517, 0.19200086706382408, 0.2097949777189683, 0.15527104019420204, 0.09570498153590705, 0.003740532683598679, 0.19946362218165747, 0.18357442818311295, 0.011219275072831127, 0.10169762010667475, 0.09045306069901546, 0.07123326038798043, 0.084023210392244, 0.16815525802157444, 0.03627605719908343, 0.008253172837884194, 0.037797687828230474, 0.15093633568633083, 0.17459610510684478, 0.04242012539322211, 0.008398041167061193, 0.0666964864022736, 0.23700041226260024, 0.04394531590248459, 0.013235392659550007, 0.09983498872974145, 0.019029680170813853, 0.05428885910434939, 0.0509822925082542, 0.22255290846447887, 0.10017346625480471, 0.007718857206381025, 0.036384128763278026, 0.000802117345723902, 0.01886122210011985, 0.005808303660776657, 0.24425364365497285, 0.3495283186742122, 0.1139797944909766, 0.060119671831996596, 0.005292081949579265, 0.08718423857687811, 0.193136856697111, 0.31271989799007843, 0.22119990596173317, 0.10573400299253288, 0.13942809803787676, 0.06286757397044158, 0.11116968582875518, 0.07392802506092282, 0.03461425215605319, 0.03308066827489693, 0.07611745351740824, 0.08191398695211553, 0.12256777628037138, 0.006874390121038579, 0.03806373352264517, 0.10958895663845297, 0.07588685328216661, 0.058502145721307394, 0.002570725172324115, 0.0554896684103579, 0.03507215528585836, 0.11600591636882226, 0.12130873808823145, 0.1280917760206851, 0.1077585239111985, 0.015029446150727814, 0.17386662584477897, 0.07048524447347625, 0.0427558745202531, 0.3469019184820849, 0.08134424496352381, 0.06873861644251507, 0.07600125597220193, 0.0587561899364765, 0.01368924355762272, 0.1913694896196915, 0.02175554555815017, 0.011746836513137961, 0.015772535071941342, 0.11838153782062688, 0.11697753829899052, 0.14189239075632762, 0.0980909810978355, 0.06187327959901555, 0.043479559202908524, 0.09621412954746876, 0.26974384195029416, 0.19333257942572227, 0.0919573925067469, 0.028188705148001283, 0.0031125615332996803, 0.20361643527864873, 0.02494575703325597, 0.04539656172265141, 0.024324699141452116, 0.016315046457586222, 0.10845617591542137, 0.45697762934988495, 0.14253864681228925, 0.13561257121897252, 0.40456693975663294, 0.2046409718430574, 0.07903071539424852, 0.012758761227845151, 0.1213157400421797, 0.04362934629424941, 0.10692877214815484, 0.015125107749777121, 0.05266759787948291, 0.018157271296739164, 0.39820740672554333, 0.21345205951518054, 0.06485485026446225, 0.022062369775172008, 0.08842272377146523, 0.2049893178017701, 0.046142293389788626, 0.11062406794804233, 0.07320558016878934, 0.009212482145529445, 0.044863900242025405, 0.3495883985133928, 0.2995055586722112, 0.1106478547581003, 0.014538464679209556, 0.07845289613030479, 0.003932111248984024, 0.032477802268839964, 0.06956719542664401, 0.003305027764105515, 0.11222213329840977, 0.02347251299713217, 0.2784669306111677, 0.02182680850018315, 0.0035936118215681993, 0.2984631965187254, 0.06186979060026636, 0.18670951513984296, 0.24584279589650218, 0.14430517081927066, 0.06890905429507577, 0.047814472224039485, 0.20247444325920017, 0.09804117156079652, 0.11017634052729622, 0.02784009152134, 0.1636397267839903, 0.06806118225329992, 0.11785182639741051, 0.005600391421682605, 0.023241713444504365, 0.029751328287434743, 0.07131366066586885, 0.11987249767730838, 0.06575861920626296, 0.4920420043857707, 0.12421544837925125, 0.014736955727423595, 0.0675711681690451, 0.03607121284523027, 0.0655682434125761, 0.11300466749790525, 0.03194333832720041, 0.034645851792727896, 0.13250498814842845, 0.05595468929338304, 0.024919760615619947, 0.03320802402548059, 0.19110205139950542, 0.7585825873521297, 0.06774895686432561, 0.022002817131682055, 0.010761747113995088, 0.09498335587349375, 0.01924754244675534, 0.409673902227378, 0.08476023425962997, 0.08365527797964949, 0.059985553626703506, 0.03189559898846066, 0.3228305914190897, 0.12004111249263417, 0.1312613926289815, 0.031385909321225404, 0.23874856805450195, 0.07641662298092167, 0.06656381257835356, 0.02005827258848058, 0.042867077209391743, 0.17663062535447194, 0.041835711109132936, 0.028807031630593703, 0.013557945104846005, 0.16321721913199544, 0.037932970570869175, 0.024318746109001824, 0.05605846683061117, 0.11293631654460734, 0.29031413787070304, 0.010872036596091015, 0.08214938858903333, 0.26689950972281024, 0.1190713032335689, 0.17081239803882567, 0.0933427278080317, 0.042672629737548755, 0.025015585623382634, 0.037760618450039515, 0.10010825460195293, 0.24170345335676655, 0.057552587465480684, 0.09147403559372264, 0.06313154167481463, 0.021037358084307737, 0.11104640842136967, 0.0701202573543974, 0.06989861227771614, 0.03121735735683392, 0.28698236664547994, 0.0249099118534784, 0.001700686866850935, 0.03444985807664147, 0.08846783438835767, 0.04055455559489728, 0.09720123589905888, 0.1401188511617873, 0.00743137464020525, 0.11794631298939569, 0.0663312153243029, 0.02460359886067723, 0.03154573674621665, 0.012238919671559063, 0.04874637794472437, 0.5330675459987282, 0.02639427511327852, 0.05345015279689604, 0.6327918793860828, 0.04195233567811254, 0.05673128013377112, 0.01942755041777169, 0.023090946815143468, 0.0267837463087063, 0.1020909664411532, 0.016379907528971973, 0.1448567964300904, 0.2722445527926035, 0.11634013494146833, 0.25385546564528194, 0.1831151078885103, 0.043374125850367304, 0.11826848593479325, 0.038013978878897264, 0.015018321599361633, 0.18487851746967032, 0.0759011312394251, 0.28305131113180587, 0.14913088084451323, 0.23638879730192178, 0.0056722036806690634, 0.20706420530229108, 0.0850914582729999, 0.16518085000183702, 0.05493979096518653, 0.34139344310279535, 0.025893963416735902, 0.05754402669695199, 0.02613467064365323, 0.02601311091466607, 0.014691844897847701, 0.06953793237765644, 0.14805359920141165, 0.3658940001030451, 0.02848951434629984, 0.1586146574336604, 0.02796347956631485, 0.0358038039664735, 0.06737223546890371, 0.11370021255749334, 0.10534898048543179, 0.14908795095127003, 0.07487525015945526, 0.004398870282616393, 0.005077131062856828, 0.10070950286923273, 0.07304542873602088, 0.06368467924599167, 0.3111565637546111, 0.01178086416973425, 0.12957859245465903, 0.028767402080888675, 0.06430724140850799, 0.04543317718297336, 0.03421774039763872, 0.09528453811065417, 0.052692692891465866, 0.1582299380390958, 0.041321641371400895, 0.1820943557242078, 0.24666543745430455, 0.32258899658806367, 0.009361551825396733, 0.03255544840980016, 0.06445778925457597, 0.22212759745103244, 0.01973881989832754, 0.04914790588497717, 0.37633163473278836, 0.1213925379056207, 0.18574227640577912, 0.06527346341784092, 0.07854504389371654, 0.17492818253820122, 0.11028870799547245, 0.2703640135165504, 0.014707610759717396, 0.15269549198256446, 0.41112241054501547, 0.010786776674097012, 0.011584382099261414, 0.07135676886764145, 0.02612488255764526, 0.11800154042128137, 0.04450498610532781, 0.04002646436774652, 0.3802509928458579, 0.007178192274478954, 0.06059134920487419, 0.0015538226149448546, 0.0234781150616939, 0.06272487791468297, 0.01162245215586089, 0.2055334909054465, 0.18944870844629166, 0.1540218159756876, 0.005906986885072334, 0.05987659039713921, 0.09426573045531098, 0.032837829466867814, 0.06390379282377052, 0.3991285284483, 0.09890892522581148, 0.0049591888591315695, 0.4162589680355982, 0.06525849587370873, 0.031749939369533825, 0.053293561302836766, 0.026295785417914934, 0.052355024952598486, 0.08992755774087224, 0.11883340839425334, 0.16597627369833837, 0.31741509086578307, 0.1278456683584056, 0.17530896694989473, 0.037915638718975284, 0.06540485296142592, 0.06925800415629647, 0.08927770087802299, 0.1563429721915241, 0.29170873749931514, 0.10163365652536571, 0.23162671185573377, 0.23073317444192284, 0.03852188769745117, 0.10313312337829575, 0.13857781356671295, 0.0764762953527804, 0.3143745113746433, 0.13024482403398463, 0.055020130415542524, 0.27787221334682016, 0.03326901012011348, 0.07271536991318106, 0.015008568388473729, 0.07172024592900823, 0.08949975088263677, 0.01645301300329739, 0.002233685870124497, 0.02438705859314729, 0.2653106756977715, 0.04435607755594429, 0.1616055735875366, 0.07884377870072845, 0.038462031447717586, 0.12981060976330971, 0.1242104332535733, 0.08367196973785834, 0.11059644120413886, 0.04307373977983875, 0.11728446119770582, 0.02510005363360631, 0.026505818201281596, 0.20781819030926343, 0.06226842289329982, 0.0988061789261548, 0.00770257512137327, 0.14482531087936834, 0.07391129691476442, 0.13284903640188958, 0.03160647677434284, 0.057385605520235784, 0.009030710978421175, 0.14426512147075277, 0.044809089147070276, 0.18386493867162312, 0.1751797668249479, 0.1501676711934842, 0.12618790034242733, 0.0019052991276563205, 0.00886590633256634, 0.029850518003950922, 0.06944944368057045, 0.2977702941573981, 0.09862154834040941, 0.06512606471012858, 0.009096115746229804, 0.06548133808540349, 0.09446363966704371, 0.024971670806481244, 0.0013078079186133408, 0.0008038036858371715, 0.03988103425725713, 0.28615414162844066, 0.1622273409387622, 0.2698342264861162, 0.07227414317544209, 0.2666292194071844, 0.11062656350631594, 0.0024828132610180626, 0.13646428284195114, 0.264371063419473, 0.5287555680622975, 0.14640589847321894, 0.1001868864363232, 0.10539147188853219, 0.1012035837720611, 0.04627485897437996, 0.05776534703372985, 0.10460156787157239, 0.009796610701879682, 0.034516792613112586, 0.21454813182152654, 0.09310700013986294, 0.014847070092445189, 0.12081428307247295, 0.22022291728270577, 0.09472709266638879, 0.2063956851977106, 0.02319551296847584, 0.14053846457670524, 0.028794006525522938, 0.2034262832608197, 0.0017001230848353406, 0.015111180777068441, 0.014463459205273742, 0.047572189878441945, 0.003612567855897836, 0.01241518382257045, 0.02101847323915596, 0.05570167369658381, 0.06777838975443741, 0.43285704686010185, 0.06493654720039517, 0.21009430665717924, 0.003411029327934391, 0.020926898447120798, 0.005368486893542115, 0.10290405742934805, 0.8585540065376943, 0.01969298634291397, 0.0010479975802511479, 0.008363392159642097, 0.005013942249860192, 0.04480059466150379, 0.057721649154213586, 0.10804097977052574, 0.04324145546971002, 0.19460228800297805, 0.003019375063162375, 0.10319361870949198, 0.04916754635539306, 0.07300504334638298, 0.04549240895839247, 0.15184511892427455, 0.35182813237659794, 0.17284156967931882, 0.49250864381321346, 0.015872858218564698, 0.15639990801392714, 0.1643069108558927, 0.006887678381411614, 0.01343787631469822, 0.021681786258754835, 0.03123783882914952, 0.029138513848029634, 0.285071867496571, 0.2182285748574481, 0.07902074064511747, 0.0043126163812474754, 0.030799291217076877, 0.14429987516967807, 0.11919504870528826, 0.15989401164538616, 0.26981457506288514, 0.018537054575449394, 0.2640364624526517, 0.0031549374144790275, 0.13251829501057563, 0.020608513528426197, 0.05432051054936458, 0.053775520176280914, 0.22576721768118058, 0.06259228515378523, 0.1959324945908188, 0.0876514394132797, 0.005068160921228403, 0.1620688044566985, 0.05210103961753686, 0.12250709399409791, 0.0033244414364209302, 0.17716153248700678, 0.050815068301060445, 0.04614958534926781, 0.00651880637973909, 0.03161128917262332, 0.17269945984978274, 0.062282116223571146, 0.0256929164860543, 0.28882057708054376, 0.059953953360259146, 0.3157546642681539, 0.06436922846853084, 0.09183901487324386, 0.4367291253492527, 0.01770378714686291, 0.048662320099913864, 0.24120126980136608, 0.0764723744803307, 0.016755099943272053, 0.36036336473885033, 0.001541251604481011, 0.08803440263944273, 0.002237930805001348, 0.004937250863942466, 0.05744018658208944, 0.17789734326179826, 0.09438863294596143, 0.05084173601851228, 0.21391715886245666, 0.017212032956362023, 0.04538363952856009, 0.010546750722381372, 0.004759155490148689, 0.11496437458450391, 0.032846966403356916, 0.24160832292933332, 0.015412250235062094, 0.22623528206956717, 0.024130041660038733, 0.26322133472956366, 0.32951173252920996, 0.0032040269877986, 0.22436475862808186, 0.11405139097193305, 0.041664729847617356, 0.2704411939576072, 0.1436193657400221, 0.1151684074942864, 0.030213514931085036, 0.10008076494734788, 0.23435244024153792, 0.33871667124878585, 0.02151447858255712, 0.014534800186211184, 0.08063804728301427, 0.13581614755112079, 0.03543972885631424, 0.13006205214313135, 0.05140638131249829, 0.19184438684065608, 0.020202391700340362, 0.107547497682768, 0.009492646867303863, 0.11954742477597446, 0.08362015080285282, 0.05534498890324832, 0.049871604135288294, 0.03567371997613127, 0.010475156298731438, 0.11346031606549616, 0.31266911196405994, 0.22134976520293792, 0.11073889788626752, 0.05806130898974697, 0.0656640620076598, 0.020305670537596042, 0.02588764208477714, 0.07857831887965754, 0.19784637267637892, 0.0956400749124864, 0.05115032988428757, 0.016446507461444885, 0.13462255633973408, 0.127262485267578, 0.0573042357998589, 0.22362091712209778, 0.08878961151370238, 0.0665006550206979, 0.11590301072221999, 0.0009580437618535192, 0.06755291901331428, 0.17817150946627097, 0.17411983714361565, 0.11006178771918915, 0.04315765893636125, 0.2074817067150329, 0.09156191584351935, 0.22451839763144107, 0.14632708928950813, 0.08911223948891546, 0.10079753665061719, 0.02175513849191145, 0.7367174975407648, 0.2587914787860809, 0.06776070098196182, 0.3925226820133465, 0.2467724826801768, 0.001866927198394752, 0.06224085673626727, 0.06033183362931472, 0.12377552797347682, 0.04271584361697075, 0.14928133680000333, 0.013243434100829128, 0.07525702554531771, 0.17245822173593375, 0.11237516940989321, 0.029794424625263966, 0.08621030143345398, 0.03832290393388626, 0.20665812536555095, 0.010647586982731766, 0.14880164546221628, 0.057938678911914, 0.3118719049981883, 0.02367283814486815, 0.036303846840627714, 0.09385054443621635, 0.2959492951146095, 0.055192489197247604, 0.32458801903969703, 0.032630446984849265, 0.2254429306283069, 0.15441229994427885, 0.2923514078653162, 0.004962429314297328, 0.02519866467932448, 0.12348588799894379, 0.16640781066083024, 0.07296706028137782, 0.07638020633669447, 0.009186859594805202, 0.057207799291521456, 0.2730271670686149, 0.02143774826166764, 0.017066521589509442, 0.20038205561573702, 0.12041610325601025, 0.09789866045716544, 0.11432114525455411, 0.000486942229048167, 0.11540696744738076, 0.20686354972029755, 0.187773498998763, 0.22375678481825295, 0.09016284241105119, 0.21272260273745897, 0.06291337346301644, 0.03448758116854956, 0.14767024247127528, 0.1411830566010025, 0.10389567280789397, 0.01923300253718152, 0.29455530401268804, 0.12949071462471992, 0.12805405337384757, 0.10330428667066664, 0.06566745870356783, 0.22051851099389233, 0.3216113224529067, 0.17253690192511376, 0.0426020463452772, 0.027433508281650157, 0.007614260434920177, 0.32213876767077887, 0.302045414726454, 0.03339968873847607, 0.028401225658087455, 0.13127524821496042, 0.04563952456148841, 0.08289906011941581, 0.09638801988876905, 0.06068753018062728, 0.0071503717062513916, 0.08949223453457003, 0.021043219678304883, 0.006347055488373396, 0.022832779901234723, 0.016306163347297564, 0.23901635013809625, 0.2401266129028874, 0.26763687388252594, 0.038438681605634004, 0.019577951212789418, 0.011080781643299672, 0.012269513312424827, 0.05956798631414134, 0.3415014589361485, 0.0012770560091373382, 0.005209428226130248, 0.06915924413101263, 0.09062844231570319, 0.37573810128295704, 0.07572393532596418, 0.4577832099457153, 0.07833851434141874, 0.17000302436197443, 0.09124378113403565, 0.1649095124556036, 0.13638245527092005, 0.2160447297692802, 0.056199566310718346, 0.018367302970677735, 0.02250802990775304, 0.24391823221023212, 0.027562640287550896, 0.2304496294327189, 0.14959271041333003, 0.024550994338079026, 0.12865847778050277, 0.0036334506998135533, 0.04050410402058907, 0.3017323280691238, 0.09953783286335913, 0.03954899364405184, 0.2562556913203033, 0.0004909432740583913, 0.07279908893021378, 0.11902107101196217, 0.056054007472827586, 0.1792321573017143, 0.05299691218205409, 0.0463770319697893, 0.08028674234942616, 0.017340754728579922, 0.0999788561191637, 0.018759536692258827, 0.04791558951211075, 0.022179500282586265, 0.05863623819496447, 0.12415572455105853, 0.3791656625270425, 0.09569079707003769, 0.0025498304611780965, 0.0789577029665722, 0.017508859319214556, 0.01948105955781059, 0.037996138804482556, 0.020100487669130165, 0.08294376698354658, 0.04130218384626771, 0.1930972577151513, 0.005704792216676797, 0.47548227316904834, 0.09673599911963333, 0.12756213159937127, 0.08392000419468852, 0.009700090207605545, 0.018933792094403462, 0.08232160389770557, 0.042661396224001, 0.005084531667836264, 0.08274616609986102, 0.03816301230727946, 0.021111552715583425, 0.11059097569809084, 0.05940705382077897, 0.04105891915745493, 0.013519810508288868, 0.27697423588441966, 0.07767885196435101, 0.03871022803981241, 0.029359938157482158, 0.06463151867026413, 0.03015145238554784, 0.043510317870606524, 0.042888819265601, 0.08344760211952623, 0.20972822835629, 0.3169646779856561, 0.28109664629061076, 0.0011822155112174238, 0.3154918752673222, 0.0888916775481708, 0.14203564153198864, 0.02565048627547584, 0.025084916139331552, 0.19587284402621788, 0.24311625563309103, 0.04396164669886378, 0.1329254196036872, 0.0415169342388121, 0.16454692306157329, 0.024292482867920115, 0.06152849246462573, 0.22503666541146797, 0.10007820698287169, 0.06555637466528418, 0.025871567976826527, 0.00748913558593403, 0.13285589106884052, 0.015335837111234443, 0.09051565440949802, 0.0006415358841403353, 0.3588187641696583, 0.00612036745532001, 0.04548829060755951, 0.14504616764841202, 0.01475963198232491, 0.428369723317543, 0.6243776698486405, 0.1669781822642337, 0.07420254171346811, 0.003626754785168356, 0.0070465839164746925, 0.04639692293717149, 0.057882376779223435, 0.13892110979697184, 0.3262332078497552, 0.00268577579962531, 0.056795518856826564, 0.06678762922351704, 0.2029912670232721, 0.08099113628367896, 0.012742161280537678, 0.029122090540639647, 0.011729055782816956, 0.07849259685847257, 0.04195565882928879, 0.011236203126616003, 0.01800930904479746, 0.1451769648177078, 0.15726978162034824, 0.0035988542850843874, 0.09252720167957391, 0.023560188908060456, 0.15950127086419466, 0.0014151942760675473, 0.07419335661096522, 0.1396674202218396, 0.08499537662167977, 0.04541490569380678, 0.011515517246918235, 0.031054605287237004, 0.03752534269353169, 0.034983577859907494, 0.07039274036013247, 0.021201153521539468, 0.20277693950317557, 0.056756580643859904, 0.16875684571868949, 0.03126477980663859, 0.02726382255373135, 0.03979221972158023, 0.019682333410524604, 0.33500536300975825, 0.0020043123807787343, 0.015541606217012517, 0.26083033342978373, 0.2577989245450861, 0.06798459338079975, 0.13315841129832487, 0.026877029010193936, 0.027233645404258922, 0.09980084864014455, 0.06166931721285701, 0.1164222506915083, 0.06663314843386237, 0.004843861754675089, 0.2348772004580502, 0.035320982555839396, 0.07404140650962157, 0.09590637824546615, 0.0888820900023333, 0.16210847554054494, 0.022778207295141586, 0.050547763346825945, 0.018233023065990273, 0.11284382255920042, 0.15736247157508607, 0.10919044059174728, 0.1749823068339956, 0.6377502454266469, 0.11956182772204205, 0.014473308487984636, 0.05477459835186521, 0.21646177342242762, 0.05915942544478849, 0.012774415889745455, 0.1656176708678581, 0.021426001484145432, 0.13952416353382036, 0.02551036930709945, 0.14980280414192795, 0.07532694267868892, 0.5050505050505051, 0.00406497481887409, 0.07120713675349565, 0.009896607660430445, 0.058465201390900376, 0.09163643677893157, 0.017945549155626052, 0.11598210810371444, 0.01657513127711809, 0.07068870391007558, 0.07117623994717942, 0.01743239148014774, 0.002135788349460438, 0.06614067102856332, 0.005938079890984691, 0.059083677394382715, 0.05490579338737027, 0.4406175503979421, 0.054062268118548834, 0.12099650554868303, 0.34499103668536213, 0.21403363142181656, 0.018179739955606306, 0.0001794474585490304, 0.03708851293388445, 0.13478628270639828, 0.1447021012628675, 0.17985908312251397, 0.003248251199716008, 0.008226932848805183, 0.10091084576316763, 0.02557639049405221, 0.2713725118666113, 0.2530285408439266, 0.15845161339634714, 0.07354076625357849, 0.03609171036561837, 0.07766181348070267, 0.06324462173592926, 0.05730819641966857, 0.009963244280331855, 0.061281693917647685, 0.18975298976377883, 0.061217691008172384, 0.06835087472941645, 0.3039749287481895, 0.12892808634312228, 0.0003330072014263743, 0.1810920809714593, 0.0033776236328322707, 0.002568185846383475, 0.04605528372991161, 0.05346082060374656, 0.0627703930656297, 0.023893933139152616, 0.016412089019970356, 0.11522144919795922, 0.009068547787600032, 0.06408264700848619, 0.015840630724107983, 0.04291779049333512, 0.022931301466966866, 0.14526464423932878, 0.22982309165946413, 0.16565932117916865, 0.025447884713447368, 0.08850154035374959, 0.1696686711335032, 0.014164004926362541, 0.04225961889349639, 0.020042582200270633, 0.08067629561266733, 0.15261465115849307, 0.09909613511585214, 0.036280309101933764, 0.048257502227049505, 0.027754545149750662, 0.028859433312872555, 0.23435232553547816, 0.12817545159833535, 0.011823440195695877, 0.03787131845265053, 0.13358347935372977, 0.07170691633184413, 0.4777896057839297, 0.00319244245025062, 0.0056950580327395275, 0.2124821413548968, 0.0060616763564837455, 0.0009457964627128103, 0.008628826766510498, 0.22332323380400584, 0.023144396433410815, 0.0009244900994365011, 0.07479785383625934, 0.014719402593663488, 0.03048774635508306, 0.044420732987548554, 0.043406950643292155, 0.0027434264918002613, 0.1394384959956872, 0.044276684737711715, 0.17287104036895254, 0.033808457751601774, 0.0091081088418123, 0.009787752419254258, 0.009625262456186725, 0.06383357193036573, 0.07172139058534023, 0.06769244067605729, 0.013750288699257651, 0.14087158065223396, 0.07197810377224569, 0.0381258864464923, 0.1476480243771169, 0.021427085988255393, 0.006874033330107322, 0.07775770469320978, 0.0021029856369047975, 0.06643425912899144, 0.047646206091024934, 0.27566297348361346, 0.02370991599634909, 0.09489695854642978, 0.042201373065768356, 0.044607004546116845, 0.027919565501520992, 0.2652729112119898, 0.030458887733704382, 0.17085331222424463, 0.09453223591228857, 0.26959147070350326, 0.3863137419961015, 0.09780676613208729, 0.08062457972329876, 0.04620442894966221, 0.03777099635322005, 0.2182974885308769, 0.03790275010257699, 0.024812601924954464, 0.15333056926550898, 0.023493259604625207, 0.0366796507240593, 0.03727504205096053, 0.044924435052502175, 0.021381689783778038, 0.0723645105908588, 0.017358626300043985, 0.04023906727082136, 0.15176681787893048, 0.2624288275620609, 0.05370277598695162, 0.30877081567017217, 0.140122043549917, 0.3913610198341453, 0.09728122148463027, 0.2719466999997927, 0.13918311450144544, 0.2555816196466256, 0.10522830423706525, 0.10390625503199548, 0.04008809220220736, 0.21358440342273122, 0.08887279136474846, 0.07156608071498193, 0.105601302846645, 0.08413986456933749, 0.015266884574547649, 0.037152598370730414, 0.14209732604081396, 0.03615203727681252, 0.1605050311008598, 0.18412351403455407, 0.03461703612126706, 0.5243508780860727, 0.2999679589363401, 0.04453753719695768, 0.047611365304331715, 0.0071514175570935555, 0.04902208158179895, 0.10324638371589911, 0.21271506737713947, 0.00967569728344179, 0.06508966117599761, 0.26294589552876685, 0.0012610250940868226, 0.0611500310064353, 0.01477926693699358, 0.09528486449674627, 0.0009352276073094621, 0.0907726896653077, 0.15805886696358537, 0.09915449790700505, 0.08681474224708316, 0.0006103380958809971, 0.030260745576162148, 0.1510576349674862, 0.04433293403546326, 0.04396695673948243, 0.09603248395790175, 0.02021905211101692, 0.03818239602758089, 0.08457815129216065, 0.10069213716407398, 0.2234361023907688, 0.2516287415992182, 0.008185526539210357, 0.11901309377729391, 0.1488349095864119, 0.1758037117953447, 0.8974550719555716, 0.05606124439204699, 0.12478231069040228, 0.22207835744976478, 0.050070336656174205, 0.078392317030236, 0.024581198565168987, 0.02759103533492439, 0.20111542569598706, 0.8365721533134838, 0.1027265086333989, 0.02288827358892788, 0.021805878875533834, 0.004006597987174076, 0.0656434763911154, 0.0025382828584971143, 0.0362260053877636, 0.058703316631457926, 0.5950153209034108, 0.2852140979760447, 0.001920725279182751, 0.04407480664824426, 0.05470942958528714, 0.15945644600564848, 0.19048320507999533, 0.6181639710474593, 0.24441173170826017, 0.14671617761843037, 0.06659789689880175, 0.049768786740387025, 0.040969432960659254, 0.012715040456566455, 0.19985169424835886, 0.10277137660362813, 0.18809567286618506, 0.03131791161390952, 0.0014324084204796258, 0.051843256244728, 0.17159100742724115, 0.06749867686566789, 0.011134335350814378, 0.052655798609138514, 0.06980591350577796, 0.1565422452633705, 0.009322770388410331, 0.0030584578668619213, 0.03539874475035989, 0.28852705971868764, 0.19762817973961558, 0.010110019435786075, 0.05747220918308583, 0.1155679577272362, 0.09024928351876274, 0.007102618453093937, 0.07438440786646078, 0.031245528261855372, 0.30990274648870664, 0.04819741254233799, 0.023620406563319783, 0.24168180672009196, 0.09953890692913228, 0.06395816258204498, 0.08779549316486314, 0.024653959155474633, 0.047239588743606446, 0.18662688152133758, 0.07979331282073293, 0.1713818780558844, 0.17587396546691758, 0.02280218247866981, 0.2101753951409915, 0.10894501100812978, 0.0024757291910741004, 0.05800987415689398, 0.15020998928174745, 0.027389751784538865, 0.01840534798124305, 0.056247683946814626, 0.19920493382397, 0.016920299688359557, 0.14237379638367917, 0.26797257411455894, 0.006177549790786849, 0.017849561624561253, 0.09405501586943286, 0.0746273595593305, 0.19002585665808103, 0.14742102439757124, 0.4237085794779413, 0.07478446817890395, 0.024288365756873376, 0.22947764844372553, 0.16224506383534218, 0.24108477447054716, 0.20541907527808498, 0.06639465961083561, 0.07934422041072156, 0.017270855356163697, 0.01287802798230197, 0.08483844156956634, 0.023907991908105393, 0.0709498757120099, 0.00649391930051461, 0.08212456030821731, 0.04714459787370365, 0.04371816195610802, 0.25063275237444477, 0.005740542490265449, 0.0019047722493089991, 0.019256640962793163, 0.015291079448142677, 0.04837756797727869, 0.023724607875387552, 0.16476390371004254, 0.1235112724772203, 0.09120508990110486, 0.10763046299451193, 0.021802061199763013, 0.04316430150346435, 0.03914607873352433, 0.16874997547211246, 0.377262653358123, 0.10984928237656368, 0.013068153145143611, 0.01360304784603614, 0.03607247579365746, 0.04710501847252072, 0.0071560127584547805, 0.04729140116661397, 0.0018029840845042958, 0.23717548239178263, 0.022406769311523737, 0.0137872812362486, 0.0637109856090332, 0.010836935050281953, 0.16621067488532124, 0.3459442787029656, 0.18846827023144375, 0.23192819947672386, 0.013275314839822779, 0.03770067296011764, 0.045385963236404335, 0.03050284532981097, 0.0913750079866803, 0.05638622620567646, 0.0353520221544694, 0.2968095132820835, 0.18775788837224394, 0.00967197509893909, 0.03599812360860032, 0.01260973455006285, 0.053212320335229185, 0.2980145290745614, 0.26607015497851577, 0.023964234523491727, 0.07361448483818024, 0.002359596617223354, 0.23678522479363254, 0.17139930780804602, 0.03208340788996348, 0.015278532055096675, 0.054610187521809204, 0.16059297275207576, 0.04597956119435772, 0.40099265987874655, 0.14137980544295645, 0.003468507355665951, 0.08062315541399022, 0.18167618675002015, 0.08630069527755622, 0.018788801269431624, 0.022029127694762143, 0.13374930110520913, 0.44100113215385367, 0.12925067947517513, 0.01111287466137732, 0.21510734880236648, 0.07075414552316497, 0.2093860978638813, 0.0862423112408758, 0.0365339606868979, 0.03365944852165499, 0.13792662317566734, 0.49797559608370295, 0.13101833077437608, 0.028084362877395803, 0.025216162007019458, 0.33549798680951737, 0.12853047872227236, 0.04838845180209045, 0.10446084933712978, 0.045038018140092194, 0.03247065974978756, 0.025493682435529557, 0.15509613627679722, 0.07228982402628269, 0.13558567579223293, 0.02886751957543842, 0.37170769260831626, 0.09316627458462422, 0.033475124414723716, 0.18086907631550264, 0.10594224187900847, 0.059587093103228794, 0.006000658793456154, 0.13613232932965602, 0.05840020114641451, 0.018021528207213932, 0.1882900333439702, 0.14321124920591666, 0.010605272348820596, 0.1181087497585703, 0.2408903779496837, 0.031059084518208647, 0.03335624558079303, 0.17859418565061333, 0.005741712961091314, 0.06362938624841492, 0.2529516568846809, 0.002482156427242464, 0.1375932851787421, 0.0456168565610126, 0.28806597325233124, 0.2820346478048741, 0.4299541597837127, 0.04115590951949769, 0.1025615074731988, 0.017308686795863098, 0.49635334620861093, 0.11624863195904223, 0.003603709955718793, 0.12599590215003453, 0.04993081532444006, 0.2739679542179328, 0.08572164470803878, 0.12628479084920088, 0.11211451603617148, 0.023283660440455906, 0.02389502149986098, 0.1358038722900999, 0.14271750987786705, 0.03840522194931139, 0.24977196805190288, 0.03975983814723003, 0.08570954751527901, 0.005304261578459695, 0.06707445943728803, 0.10996137133086319, 0.032794841909226664, 0.07615363898886648, 0.13656542073904082, 0.053407508404923226, 0.22275788898075316, 0.03645272460373884, 0.09940764466491783, 0.128265314546651, 0.1864510111766006, 0.33727123090299765, 0.269443521594807, 0.06918029087599285, 0.00939987246782349, 0.1175687103710882, 0.013412076587710773, 0.06971162916591926, 0.260613633987067, 0.030730709620330147, 0.0533014915191465, 0.2999817806910503, 0.06617256792890219, 0.005930414637285769, 0.13357096389952888, 0.3116917430232171, 0.04449809866910891, 0.07623384527507861, 0.01652226543296075, 0.61052677058914, 0.36586594065211914, 0.013016266305701163, 0.154348993897153, 0.19282885971322566, 0.10397806280690076, 0.10782022064330414, 0.21559150815849473, 0.02279562049312916, 0.018546345577150736, 0.06535140732766269, 0.014662449759380148, 0.3488043940807197, 0.09297367528065818, 0.1945164039150639, 0.042731712645187464, 0.031852817035562316, 0.20066371099651434, 0.04638172427358053, 0.09072618127025887, 0.05722524390378744, 0.010179875739314427, 0.15306343680836274, 0.01439645910732822, 0.1069831122836297, 0.004623723213549639, 0.04694009103527913, 0.03815705330268481, 0.015510587261991513, 0.12695010601710555, 0.18148703136421918, 0.12653617974074816, 0.029797160369334344, 0.24707930753700297, 0.006763115495799741, 0.21423254777271308, 0.30767409697569803, 0.06927824597958075, 0.2752020674591669, 0.2257297800973687, 0.12611621102507414, 0.004131038870915495, 0.5591127578267578, 0.2128493819862487, 0.11404837867795974, 0.5759854616698195, 0.3436706995952453, 0.014832623608500847, 0.15695508864555077, 0.03737844326403135, 0.0258857989846929, 0.05808992984792125, 0.3630211182684366, 0.0009307229883245533, 0.10028028861473888, 0.035927186031980536, 0.20141496468985542, 0.04257314245319774, 0.2478081807623275, 0.04140143415788588, 0.05718844437511196, 0.04053500227875691, 0.06723877417210061, 0.029032930778541577, 0.05331173507173088, 0.09535556930758261, 0.014325386010075882, 0.01433048093340957, 0.014173433795351444, 0.05039342474023721, 0.005938356006702011, 0.014603997471911363, 0.14316275224631278, 0.25896823175084155, 0.07833306027032443, 0.01524692603424136, 0.04785256144945204, 0.21403613222566042, 0.006853801306470546, 0.09716732785491924, 0.08279695714003789, 0.014470955077276429, 0.10176976951074833, 0.014605155547575998, 0.04096889969862858, 0.055793586877639835, 0.06644944216166053, 0.027326346229549554, 0.0475398204077585, 0.07227973482254046, 0.05889409616999189, 0.0749922972740448, 0.30086424193398914, 0.008407805900249598, 0.03905475276778797, 0.2641019865086011, 0.01993371309821477, 0.33313849601280077, 0.07949532507142376, 0.0037880913146976884, 0.47461624312067296, 0.079432106200723, 0.08881178817568507, 0.10657644756370926, 0.029977598246007986, 0.1197997076422854, 0.07445029128773871, 0.04831074763081946, 0.15090039221172993, 0.28364119737090054, 0.010135046252042607, 0.09631361355933037, 0.15452698364568393, 0.24648123380026213, 0.015030954300426952, 0.05398127244026307, 0.02218036102122295, 0.09684956349427157, 0.11214939748266961, 0.0814823740027727, 0.0779683717743465, 0.19604834035819135, 0.07515243374853828, 0.08448264446529202, 0.2914133334453707, 0.151036298627345, 0.10764432491081885, 0.4712803316181381, 0.3244109489720393, 0.0057916381380212194, 0.17157509184355876, 0.005694864273112433, 0.13098216298742357, 0.03836722878701545, 0.10109801688592994, 0.15372657632852896, 0.14007371650048048, 0.08584997294233322, 0.0038266564949962453, 0.05565179982346074, 0.08601609189619558, 0.018486218823830735, 0.0684533959886849, 0.06432555130756092, 0.011097199709392493, 0.0062309588255313126, 0.10498772446006734, 0.0014705142490641905, 0.07383163065809296, 0.021831701797057283, 0.10936838894239145, 0.09803935275051831, 0.2508824676241098, 0.022253577749506114, 0.1711396333808933, 0.04532665154332989, 0.18041766416492755, 0.28615836503832087, 0.265548985863777, 0.02391290455213528, 0.03245942864028013, 0.07604412906931118, 0.2534858336744266, 0.021849931672042116, 0.1564702722601973, 0.04505995554052529, 0.056057020033748996, 0.15478296096581112, 0.23762838000042505, 0.011776762071091323, 0.04492881260267618, 0.15527570808024274, 0.009063469973126253, 0.49247147986466777, 0.10102114907135203, 0.12414975998800898, 0.12793234710062187, 0.06392654876504376, 0.20772602349042263, 0.009669931962068456, 0.23410774412178495, 0.018355930600018184, 0.04018805510959747, 0.01689716394568122, 0.11151201587432479, 0.07964381736775243, 0.07918974819731565, 0.10486108818769195, 0.4154525147884959, 0.05354900061218649, 0.2193081530575837, 0.39830537294686685, 0.2112004716129921, 0.0708457854198737, 0.036723310031653265, 0.046714138023051424, 0.13795008389744112, 0.13218974080120685, 0.08815547039561754, 0.1390872655274233, 0.15496018217733706, 0.07333301461685998, 0.348289162230624, 0.06088943533180986, 0.046833172973428774, 0.07921880054735028, 0.012218526921458212, 0.09007803079937449, 0.08166032979852164, 0.15743350951786386, 0.1781286312944507, 0.03772607723313841, 0.014576163730037943, 0.040839771458570644, 0.02256085693838072, 0.010628228120818076, 0.11539334776524851, 0.1201305982090034, 0.05432082844043872, 0.05584561103967821, 0.05438228274609673, 0.023228716145392948, 0.013463693974447266, 0.28938112896184937, 0.23675082585458135, 0.17660058248616983, 0.24239878655108482, 0.06450420902083634, 0.18190929008465284, 0.9674545716368355, 0.0007790045269568531, 0.22858287440578764, 0.03674370039536501, 0.2477069348608969, 0.01377922221278832, 0.12627059199899024, 0.0878180054250578, 0.06949931601471085, 0.08520727405475141, 0.010126537748290722, 0.10748023306956529, 0.020190195589691044, 0.06641309462679706, 0.0613822744561613, 0.005990585970808889, 0.17915867062708898, 0.04317573100466165, 0.16548570889518854, 0.054668882743676574, 0.04564146623665312, 0.05210082207703453, 0.030438595872563527, 0.09034621173933258, 0.049606447681905065, 0.09840272471751124, 0.014962427426413306, 0.009289816653369502, 0.004820623956249957, 0.04407059297029546, 0.15663602394539505, 0.004321563848884888, 0.06539883411992115, 0.3767010285828584, 0.042739393541150875, 0.13722585818063598, 0.22989891115455519, 0.01493305455252765, 0.12425214745127762, 0.011354265654518463, 0.09496490912319079, 0.2909911565744192, 0.29729325898611303, 0.1235460366792406, 0.039679055828806035, 0.0703856896421748, 0.010798373464041585, 0.13930707288202643, 0.15117084803845446, 0.006451479797239052, 0.0021314124686364717, 0.03491932499086445, 0.006035471372485009, 0.34683981107119183, 0.14026641275996252, 0.019135115514899773, 0.024112498631416283, 0.08691870612907726, 0.0031618500179148258, 0.43148929673318703, 0.008735895026554136, 0.03242747796951351, 0.1723994931998263, 0.07431670082101027, 0.33496617535668916, 0.19151799976869938, 0.20420113287490524, 0.1372184175349248, 0.0777610101872434, 0.050227663350027534, 0.12596182690725, 0.003790454779237198, 0.011104158041776679, 0.10348384104284855, 0.007062028302229225, 0.06706127131168678, 0.023565379754526345, 0.04417233658180431, 0.0690647085689102, 0.10389167031280674, 0.15283782012327946, 0.03624986312268506, 0.02383562521852166, 0.027686749131274935, 0.18672964336659012, 0.0005394831050434806, 0.2548278874587552, 0.006400783224182384, 0.049116708422446725, 0.25399870727422486, 0.04386417602370325, 0.1756900929588404, 0.006255513510421167, 0.09395986205858624, 0.029961604845121375, 0.1207358134146545, 0.0726380413235495, 0.03159945141712004, 0.07889692527791002, 0.08165677851324867, 0.08641578531087324, 0.009975829437060305, 0.09001341443304436, 0.22131700249164227, 0.008261514209632337, 0.021170048565707294, 0.0031236898299424262, 0.061788793833695746, 0.0726068998491011, 0.08132169297006987, 0.11103465739556365, 0.034233537309606016, 0.05783300716428447, 0.1545364065010198, 0.43600559153496277, 0.040286749364533275, 0.03988759329079125, 0.17291821690931625, 0.040286749364533275, 0.0037303786265975875, 0.22609127976648938, 0.03551249003760099, 0.1739708818253496, 0.042969310869946084, 0.0495192762307405, 0.04908576989961371, 0.006744979329235274, 0.010714547146070246, 0.1471549210293301, 0.005658380875275803, 0.039571390027951625, 0.02172043783985714, 0.05400852956329927, 0.011939063168606625, 0.08888036336741947, 0.03670172999915607, 0.1334331456634905, 0.1208319124393455, 0.04157321789458947, 0.10756449975266257, 0.22235499993555619, 0.045424709729009846, 0.0988544494113648, 0.04361443870822229, 0.05410283850287649, 0.010007549926005147, 0.04522339081162611, 0.2513127719838134, 0.14682425076537095, 0.027246490328991207, 0.04939903756105652, 0.07472557090640808, 0.02273264954202747, 0.010820717471368532, 0.12130457111694469, 0.05230100235170527, 0.44977908010897216, 0.013205397514434083, 0.2743788615657813, 0.15202466848279328, 0.031546718619467354, 0.0032503923739234976, 0.1455386841304891, 0.09004754720290907, 0.02858873850962758, 0.44156376957461496, 0.12088267347942017, 0.18651775368413484, 0.19276919447500215, 0.1080952028803481, 0.057582863852818335, 0.46645256501102, 0.121602361093088, 0.24192544910215158, 0.2990554565953715, 0.07618963934374512, 0.18795780695148787, 0.1537055917448207, 0.2142385136333521, 0.0629149328824411, 0.03819730169794313, 0.02090906824256667, 0.006657612029779635, 0.0721152579751205, 0.11180375191839084, 0.07838900257097874, 0.08062450165928411, 0.04839323153151626, 0.07903942199447926, 0.051089126258135865, 0.09793341743173616, 0.03797813076197481, 0.0725552244443532, 0.13757169699671226, 0.02349750721573818, 0.011122698224750368, 0.04245197242199701, 0.3610134918455818, 0.1514942212124273, 0.006260332828688212, 0.01988245575928825, 0.17594185304162172, 0.135940280054178, 0.03464917613533774, 0.07399747369181488, 0.12787404761088278, 0.18526720833546062, 0.17038436425831627, 0.09979457055488396, 0.016458767378390783, 0.18478599859774056, 0.20204331367878878, 0.14578291491880288, 0.002438173255656446, 0.03268270718716735, 0.3919128466373049, 0.02803903762102604, 0.21227664036258048, 0.00733552911797296, 0.24361145629374256, 0.25007433264657836, 0.05278768069211907, 0.5015470285687811, 0.3228523757512, 0.12654262757142618, 0.02748754277951046, 0.014535303948903728, 0.01906285645101937, 0.3115275441859691, 0.12961691796380845, 0.027823854699825862, 0.1711413959538562, 0.0009453327354057547, 0.019165882194831556, 0.07807672625817544, 0.1983874618373104, 0.17089952877351958, 0.1042517814072104, 0.1389062449192766, 0.08357727239080875, 0.1675224033531951, 0.09369205319931452, 0.09578511462457075, 0.01733175760651661, 0.07157686420525168, 0.4331144403477253, 0.08325890308703779, 0.2467695618680646, 0.27831925145521835, 0.14079346184655728, 0.07624557700209104, 0.0153814456536729, 0.3145809569908069, 0.17347637010580863, 0.16891602974088105, 0.289016179583266, 0.1427890296793656, 0.1818414421560528, 0.08911348681912708, 0.14433538467324386, 0.39919094523526183, 0.14858867786321847, 0.13830226505659768, 0.1047424312449581, 0.04813358348092039, 0.13925371502962677, 0.14910667040157474, 0.19499255308582017, 0.15579550491202263, 0.20477925012223458, 0.11459144968633399, 0.016436435777146416, 0.07792421893856494, 0.000696168828509798, 0.03237215541178757, 0.1146872845896433, 0.030175950767351377, 0.2353836397430863, 0.0398172316574551, 0.003943104583445805, 0.23324845493606428, 0.3513815064474164, 0.06187729350369413, 0.23503533368311125, 0.0005090614428251978, 0.11434283436538396, 0.07512109582788329, 0.06573954021839035, 0.1946686035295409, 0.05209188157292637, 0.08986666807502511, 0.015658058483943544, 0.23193621978543208, 0.19411904048102, 0.007893516105635715, 0.12772050536145332, 0.06014580218408101, 0.12295407880099635, 0.21370806035975876, 0.09252114829502886, 0.019476330619016324, 0.04649116285605253, 0.12762128819099866, 0.20413512608021667, 0.2373900348587109, 0.12633730911658145, 0.20558369909655663, 0.18625832309585053, 0.27918539476081267, 0.0030936182198483047, 0.006695420559865434, 0.025230579948377088, 0.06645652380011052, 0.08090119469662285, 0.04619939334474115, 0.15065324226816923, 0.0824597283918307, 0.0057125060892500665, 0.020113646017058413, 0.022815722857633843, 0.11280552994255898, 0.30446525023183413, 0.21486895810627743, 0.1588554912919977, 0.07506602947378804, 0.049840312289309345, 0.02333753540373647, 0.18163575807512475, 0.4303499694673175, 0.21959722336698148, 0.19961593805389172, 0.009191779987371682, 0.12048908300272862, 0.04694341700787655, 0.05227263548793298, 0.11564930808907865, 0.10429248203048008, 0.07708199269959813, 0.768684177298383, 0.020911480835804505, 1.0882546771243156, 0.2693485707090315, 0.10892632550264549, 0.04918433127720321, 0.09131880578467744, 0.01562030601191516, 0.16071748099873223, 0.04882257727706138, 0.002666036283242134, 0.2662476250128909, 0.295479740946274, 0.07491364973779407, 0.10775686528048627, 0.0016914100715534554, 0.1165608422975059, 0.35080822181614185, 0.16166938964100958, 0.005346499491440516, 0.034110187680322875, 0.06975482191275445, 0.04073458390529169, 0.023889555770011943, 0.08325712804012414, 0.1447306996740659, 0.09252424360227562, 0.0033194186714789716, 0.3545043148938642, 0.2665250546855434, 0.30088621838222046, 0.06835829518533997, 0.038231530480159925, 0.029201590026299355, 0.11036569114135662, 0.5067107868389643, 0.213633155415187, 0.22203790844056998, 0.3446240709009988, 0.06912909396510991, 0.014275234137621025, 0.07648660264655892, 0.23400100476486282, 0.004851045777330403, 0.04384944644830119, 0.023075361068823002, 0.037952590243500305, 0.30406574608511755, 0.02517580863788281, 0.25372966245114564, 0.06291925171860967, 0.058857640022234974, 0.08880991197697365, 0.10931342947496536, 0.006262868401586911, 0.0739300837303095, 0.06733883822165568, 0.025216019029232296, 0.06033195731113205, 0.08296231194818827, 0.05534149500514056, 0.2055757801473133, 0.10152697861548925, 0.002326852389719476, 0.02451616123606733, 0.16425608106789313, 0.13495691216403927, 0.22719684961613573, 0.074830806614355, 0.03869548363189852, 0.0923890793340143, 0.024240071348314553, 0.33848053913880033, 0.16706527554853656, 0.26586447400757485, 0.22149573118611404, 0.08369421518437659, 0.13037348310741398, 0.005890016670679031, 0.04804633653578085, 0.16321445569859405, 0.10002674825327199, 0.08267567294880404, 0.12197637551724501, 0.4608857156962447, 0.24146521239367638, 0.028169850756552425, 0.0502807809844133, 0.018480038692936962, 0.010254600498962162, 0.060308474664410305, 0.039250758379419895, 0.10318397856235298, 0.0012623756772618025, 0.04809607972697278, 0.028355233530112305, 0.37613091955514655, 0.13179989212631385, 0.03125616160804218, 0.04815750891232496, 0.05633445565870259, 0.31832266474134696, 0.014867426396476554, 0.06381596677767416, 0.1821739060163901, 0.1397012237093378, 0.008785190880955246, 0.08299143620778927, 0.15588477306946574, 0.29595328645653096, 0.057228867731686554, 0.08893454420969339, 0.008694788577817046, 0.03754398589355988, 0.02373162510552095, 0.13964859939700738, 0.13642493798173425, 0.08636335501630893, 0.2555428162259375, 0.06831092136320699, 0.10962615688461329, 0.0020604009720870883, 0.17444667747380815, 0.10851220201652988, 0.05021028690899547, 0.3584181971343436, 0.025389987069092006, 0.0929324519088469, 0.07657300879732687, 0.025634691739490734, 0.035473692875669004, 0.15329459405212714, 0.13171950478379765, 0.19668913825985584, 0.028910865199297375, 0.09389555746355069, 0.00043111774765716726, 0.05621304209913026, 0.0013896434538499792, 0.01709060434489377, 0.09265001835867252, 0.03946217786287931, 0.1578150814945541, 0.112030187333528, 0.08857673735601605, 0.18189663271431167, 0.4277652211244046, 0.06860580147708055, 0.2722328144350909, 0.05850958538088155, 0.05876488919414807, 0.4586859980932808, 0.04502689176392962, 0.0013209020810833537, 0.18304335061747554, 0.19901696045622322, 0.10195481153908086, 0.15546636508259778, 0.124782510380441, 0.11004069613866535, 0.12119047776611602, 0.05732489063477512, 0.10005632918434137, 0.044267495874851834, 0.259668599536635, 0.02032109971354611, 0.04466193369538933, 0.14100805191000876, 0.06023747624968957, 0.13620913303823795, 0.12116117824968478, 0.10661900037319047, 0.10209003300369211, 0.15922448962681565, 0.0778070019412308, 0.08325427951169322, 0.17820470461989782, 0.412412810490567, 0.07598808515439774, 0.07557366761045389, 0.025361678531148197, 0.024726819135260647, 0.050527723210360635, 0.00641658288141067, 0.048215321170375525, 0.2019811898001229, 0.04994510933544469, 0.04523028830679419, 0.03905680376379125, 0.08334038877645829, 0.2246675289423495, 0.20308681679316465, 0.23056371169152814, 0.06708814992808393, 0.11490269128237071, 0.037934855127971824, 0.05410755779883236, 0.12301597882582443, 0.06228583299178942, 0.008425965418794111, 0.20489324029353206, 0.0998103779156387, 0.3180336972293216, 0.09598501345158236, 0.0392241492160762, 0.008536231365912333, 0.04296989964590629, 0.04185430463576159, 0.16540115539050648, 0.3159670121491221, 0.12840940659426536, 0.1462295467816791, 0.13882422016424464, 0.17666548995655698, 0.11202952831700753, 0.07698027233573566, 0.03625515085883094, 0.4619663282107051, 0.30154725672278815, 0.1230256044440486, 0.13472985472400584, 0.21016066762704003, 0.1603478869054423, 0.03591892886601022, 0.03852883548238508, 0.04179765321248314, 0.21047964470186803, 0.2173699605231346, 0.18943356194300787, 0.012650033922681136, 0.04060005956455387, 0.03192156488986114, 0.0024266823132944168, 0.08021657978154699, 0.4742917661524016, 0.05382133335908914, 0.18691521511168174, 0.17992854868102148, 0.049227467235486565, 0.11117094662859059, 0.05161167686044553, 0.0471413302063927, 0.3560877043553182, 0.2827871780140717, 0.06686858448228779, 0.06795924411592501, 0.08586442831020935, 0.07855984037295823, 0.00927012995563977, 0.0954126347652902, 0.03404086603557542, 0.09123875610755652, 0.03028891399556009, 0.008360799399373856, 0.017712944003035365, 0.30129204881075927, 0.20771585575212428, 0.04383159662440446, 0.24251920455733017, 0.10954381865560826, 0.15443614675359685, 0.023166852786413623, 0.2544004582281054, 0.06218931998009202, 0.020020784655233333, 0.1275915562604714, 0.023058338359316862, 0.0538389656846363, 0.016232156809683238, 0.1533945814380624, 0.023159996877279845, 0.010327017355141233, 0.00257680376029364, 0.06504550825597231, 0.09539261265229974, 0.23792157889690815, 0.07557996312660203, 0.007649012539058057, 0.0978871283782974, 0.07019479162184195, 0.07388752666398425, 0.2742877194660958, 0.02535874788565727, 0.03534363508470549, 0.0032272522082168213, 0.099164255956202, 0.46167041264024333, 0.11082798592101212, 0.07492174577302065, 0.05175396072892921, 0.03412666013538809, 0.287694250282441, 0.11865933777388037, 0.10630490813627601, 0.19014673959512882, 0.07091596887284833, 0.15070785334889086, 0.3856141211110122, 0.07430907456482529, 0.11800727483921031, 0.33147903733569767, 0.13977026323100927, 0.019318872762215052, 0.03880341979964947, 0.07388882480970979, 0.043506257920480726, 0.10327579953401417, 0.025001018251800497, 0.03558232002931832, 0.03574214897743667, 0.4943023965310573, 0.26372474306547994, 0.04184443522858689, 0.12602810231370618, 0.07121567839254674, 0.3796486665006961, 0.08239438799735264, 0.2319607236662605, 0.11752723208467947, 0.1626808195239673, 0.05741997116898871, 0.016795587923353, 0.26782975025008093, 0.018842620507341885, 0.03816123683766776, 0.11985124482336632, 0.16297582707693978, 0.022019148919472986, 0.12713403537493934, 0.13652483753800138, 0.053740897676743275, 0.17021414918228453, 0.02019097941694923, 0.030773185177458993, 0.01004344196174796, 0.09261527159450295, 0.08790783985483455, 0.030047612906585756, 0.26413778470127874, 0.27214029396008355, 0.09651489110786729, 0.0510534338467413, 0.12613646600827577, 0.020757959784882846, 0.1612756974787743, 0.10969382641657521, 0.0663268568077063, 0.20447690853449488, 0.06960212514626377, 0.30709299126348344, 0.1979952135394833, 0.21134185205939265, 0.08912418405945223, 0.2284386044498841, 0.05909798978668462, 0.11922049851480197, 0.19139491022411065, 0.4516343733327505, 0.14434254693794624, 0.6466661872718621, 0.07988017249527739, 0.03897871944393069, 0.3518745451124713, 0.03753549112726141, 0.17278553875931826, 0.04497057403321361, 0.2313007724045688, 0.007590036226552521, 0.21695295490404878, 0.18196350161049427, 0.003760385760438805, 0.045123268192620074, 0.23289071982204, 0.16152300381968476, 0.2613607148913131, 0.12884982087410235, 0.20287443654423082, 0.3251940567752251, 0.051884481542597595, 0.092573644657969, 0.05712609820819419, 0.32527284693288755, 0.2080156157601383, 0.0599599301190198, 0.22415932536449826, 0.0748328427610489, 0.273266654364614, 0.051966795767213345, 0.17791353659227288, 0.008079862120488817, 0.004488752550623173, 0.12989477995538495, 0.02415465118607752, 0.12184639262508294, 0.1626799630364473, 0.09161202024924874, 0.04924862060149952, 0.013740991098654702, 0.0761256546835661, 0.3052099158789854, 0.07763590222166754, 0.0063437060183242425, 0.08928135989702596, 0.08060991031198647, 0.008343233277217033, 0.10091491991657671, 0.0059536916429024506, 0.09115883426488344, 0.009478579868779185, 0.008343233277217033, 0.15313454632427853, 0.15852873498690181, 0.059983723680805706, 0.09199929542296884, 0.004054286839121805, 0.0022668574511210977, 0.17638942615631886, 0.09845422111455669, 0.11455093040070793, 0.08374425514446247, 0.07892740800622551, 0.2650846416562073, 0.10336399172090413, 0.07071706517064218, 0.012592740251077338, 0.06721572835806175, 0.04632165374717712, 0.12719908198074237, 0.003670651815138171, 0.03431656868897052, 0.06094145850293408, 0.08709642997757444, 0.01941695943654563, 0.11111354329022263, 0.03865394375069011, 0.060831918161570755, 0.1372524184578568, 0.07927242504762053, 0.09652951532529247, 0.21751227637644446, 0.3508491014905143, 0.0512240989876037, 0.12133325152637935, 0.018410180003452768, 0.11248026300775954, 0.23542763672708553, 0.023428991818196153, 0.17205477736002428, 0.05598095901792716, 0.053301492406023186, 0.0910566378727683, 0.22028784452524472, 0.19403586463431274, 0.039384729787448024, 0.8075275902245339, 0.17770723016185536, 0.2521885513185207, 0.04893264516565735, 0.21603492442192568, 0.10185948985966482, 0.0003578616439628895, 0.05073800633623326, 0.3106628640899336, 0.06338308775548258, 0.12219518602581311, 0.9391467111699253, 0.042405467542177167, 0.09701700681679307, 0.1134575611931752, 0.01191763960616544, 0.08718525768677407, 0.20174270642105552, 0.38110266493018463, 0.07332116938377495, 0.14039399234489797, 0.12626943875159774, 0.1133567808006295, 0.10375667776563018, 0.08256661815972052, 0.053844090288851336, 0.1443252365850838, 0.06883842147982654, 0.03227381310055769, 0.0713622966364974, 0.055914359252007544, 0.3741760335102678, 0.10710881696765587, 0.16649091999283966, 0.03632312487976778, 0.11116522654344896, 0.10700349085962188, 0.2685606106338406, 0.042476775257349456, 0.079551805325214, 0.021962189552992124, 0.13371315530862218, 0.0033070112953819033, 0.021815836422980607, 0.006365261231408266, 0.16160839268733862, 0.03270397222931576, 0.33914949437025466, 0.31346680442793884, 0.07098006621839188, 0.062458253947918305, 0.04578894519887822, 0.0059989270712797645, 0.11187413959596579, 0.07843055793737604, 0.2817468648178846, 0.12683599778258514, 0.10890391156677172, 0.0020838797761805576, 0.13826113128520828, 0.3622930793886277, 0.11797096910722314, 0.15712449768321526, 0.2576854644296795, 0.37114586544103084, 0.06428594633220804, 0.005797957952631691, 0.015741288780550197, 0.06960793568944033, 0.0898597509771551, 0.09113467654792665, 0.016194319913606897, 0.04007129509763824, 0.29258665353573204, 0.06995555328244973, 0.1754227888504643, 0.055828328630224355, 0.09011590723901745, 0.023933226953959816, 0.06592624334252933, 0.02617838624958885, 0.020571120543114486, 0.06597098142536839, 0.08421622880173003, 0.10755829723094432, 0.039440787018889874, 0.3543047539577562, 0.08206928222656394, 0.12983941346243935, 0.03674118656088193, 0.05748407069899033, 0.005723102754120504, 0.04404247435406217, 0.25091306576608835, 0.00011131585850781815, 0.20262729031357474, 0.13585639099688304, 0.11717236083749978, 0.0054209484254400175, 0.3919679545234877, 0.15449885158429122, 0.10768823206935933, 0.23831561095749426, 0.00800872249441542, 0.0004469029334949911, 0.06970966936557278, 0.48417065800582937, 0.00964321786982294, 0.07609725397569639, 0.16483165772399583, 0.013144044019325056, 0.10466473687672653, 0.41878645416587884, 0.003919377650515726, 0.26146780930555175, 0.3326637209366258, 0.1830301936164387, 0.08341515655534222, 0.09457911626740152, 0.08864408127061933, 0.17105401924974084, 0.10852459844794783, 0.2370644249121268, 0.06819230531761443, 0.3806586681789185, 0.19248548680652505, 0.312764038992404, 0.0637931822846689, 0.04259836195664067, 0.0052107449659523465, 0.02606387198460498, 0.05507715776689771, 0.09248672542356673, 0.025673374936033857, 0.09788961179042782, 0.06886686156597739, 0.07696494990187289, 0.1325850639321321, 0.11189357096435813, 0.03360536490892084, 0.06548328778868295, 0.2973857513087276, 0.15256437464386768, 0.010835762004299723, 0.12677929521602832, 0.008709476884553464, 0.09850962824579992, 0.3013957117262075, 0.11249436549218625, 0.20963811222150297, 0.018338374188752036, 0.02346598865981186, 0.28857224124381115, 0.039247177709076785, 0.05309052612565803, 0.04920091595056073, 0.03363671999800405, 0.25518718431250675, 0.04787269973197082, 0.20351152505892708, 0.14170893018501093, 0.1900431024268556, 0.6510008952900512, 0.08361451587715674, 0.1269420859223829, 0.0611408816462954, 0.04906065767864596, 0.7503469850553419, 0.20814994986735907, 0.1153642519295383, 0.5172108248664926, 0.25957751079567876, 0.04728320336970251, 0.07982075157242269, 0.011237113998957585, 0.31522312498926425, 0.26093535389322764, 0.05987439831423061, 0.31026364096594494, 0.04983928024016977, 0.08756796601055578, 0.17087719409164118, 0.09377842402112457, 0.0511928491469284, 0.03793175605899002, 0.02695151389456399, 0.28857294087308516, 0.2071130392265132, 0.5496509435587822, 0.29937050762478223, 0.04688344167209387, 0.13368914426675566, 0.019866835934447553, 0.2172101506883012, 0.05499006788443841, 0.012927515639146216, 0.6317403122895638, 0.13294747786459096, 0.27900496268609737, 0.1940461581313699, 0.0712178246739009, 0.292356425317045, 0.0189251301271679, 0.00666293839183498, 0.09303945077456198, 0.0007020886752053789, 0.2656956290491288, 0.0692087331285675, 0.022145230401477665, 0.017524059274493912, 0.03329445500918436, 0.021806267784340295, 0.0810457514769924, 0.1383973233081753, 0.019372293596409376, 0.16284906349059727, 0.04717459580284788, 0.18380204860349406, 0.1502819635073112, 0.4257350083181335, 0.16080872857112388, 0.40738734382148956, 0.10111804370137929, 0.11065405248156202, 0.03453163290131161, 0.060789843502205815, 0.13285398299274861, 0.016014663241227075, 0.03899607554815585, 0.22168788994275346, 0.04819874225237578, 0.2990044042748685, 0.021309269597192045, 0.1409254049483347, 0.09311604666432378, 0.06484425611124477, 0.03571466009371941, 0.004662097722333085, 0.1012104559803401, 0.06200408615302572, 0.035098650109001046, 0.08794748791138252, 0.001769786989147223, 0.011876533371048792, 0.010348024783623082, 0.21320558337161255, 0.22719921715732824, 0.10530995662490572, 0.000935630184509299, 0.02046741700213713, 0.05824822766349898, 0.29260108471541885, 0.017634810877050117, 0.27259106162343494, 0.12440820372585439, 0.029648030526196887, 0.015717845262035207, 0.005569488493442266, 0.04822169079826233, 0.13093064957014486, 0.15831251352674686, 0.006657856149939047, 0.024710332821448085, 0.15638622684946263, 0.21895737737956977, 0.5648325864540424, 0.18419339105758234, 0.10096395398606928, 0.12804778478452133, 0.767530280580314, 0.12457348675569967, 0.0673139448759016, 0.09902532800209594, 0.09167934885139276, 0.19753864129364399, 0.13678394132849406, 0.05446527830745197, 0.020582161638406028, 0.02870454499247833, 0.18366428208967603, 0.06222689161144082, 0.13935733279731996, 0.1741628845387837, 0.16232613151289219, 0.5378728322166992, 0.026947140631011016, 0.04067538290922339, 0.18811016615426962, 0.047178428238918366, 0.05919390950497041, 0.17461048120475942, 0.21285220097504853, 0.08360671816651798, 0.03194925877804506, 0.12495245930212875, 0.26402955836901637, 0.13925094546706474, 0.011715955130414913, 0.07738952714558973, 0.051761201006523205, 0.04580387997886098, 0.16166586660603424, 0.476372337841501, 0.10495095191590698, 0.24140201761650343, 0.3757269795216599, 0.3968284165917102, 0.019228370062222652, 0.02422095236227406, 0.19678340660772378, 0.015533222851300014, 0.274173009287598, 0.057676920754966644, 0.021108005852395237, 0.034263791506885154, 0.02407525118286627, 0.015925538590831876, 0.042390795790604036, 0.006311324232666401, 0.1371239692971133, 0.015925538590831876, 0.42076208013563576, 0.22191029882208796, 0.08678953405000765, 0.27366219882506065, 0.023560742088859873, 0.03734551962435395, 0.16515125569510894, 0.6505133771730386, 0.17895069657839288, 0.23304357163567088, 0.009050147748963951, 0.21302940565205974, 0.02192616418438459, 0.12311338171905023, 0.0029485811888995996, 0.1704125691698254, 0.22399662533223055, 0.4456312133833652, 0.10129025711169347, 0.16455116931775152, 0.27410817443441327, 0.034159676803299795, 0.4161633848873952, 0.29575286586747934, 0.6190645272622324, 0.05342650969917817, 0.06222760651101513, 0.07662869444476962, 0.03560244554128709, 0.15567437774413478, 0.3376635805195916, 0.26269625097449895, 0.6115588216561305, 0.027647193437736417, 0.05062615248885689, 0.17526595577462956, 0.19449567699478199, 0.03135148619018745, 0.15647573531462083, 0.21828521826421837, 0.3360796223645258, 0.017875081593384048, 0.0064102119306511255, 0.03984467373624302, 0.030092860029417613, 0.12303666417046356, 0.0816673030893949, 0.21663427503029592, 0.15655129426591533, 0.26003674064793175, 0.19434103445124654, 0.15410231524709597, 0.4878219711951914, 6.612287382692498e-05, 0.16670868790574156, 0.027851347909239765, 0.07505268583266508, 0.032207443585440206, 0.017604907072492397, 0.12134264046015131, 0.1778966565821231, 0.27254304486293945, 0.2912799475425979, 0.13279882561719825, 0.48331799263319547, 0.44918052996247965, 0.07496758012616615, 0.239764566814892, 0.5909590665215275, 0.2109067145880806, 0.03722558740312043, 0.20953233921633718, 0.41001081167750514, 0.06798572862442549, 0.4044047166704282, 0.22747040780904831, 0.008098825180635313, 0.7362436665123415, 0.2911918540924182, 0.2945800158355756, 0.12811457808228918, 0.21079911277572275, 0.6659333800669275, 0.04717252047028202, 0.148158132930052, 0.16348315390307738, 0.02561334125763559, 0.5702603017910427, 0.05610264472783579, 0.22924197554578776, 0.02256898326601551, 0.13883330669008412, 0.03606714475880781, 0.5353644672573493, 0.26378169624395464, 0.15324850117110475, 0.04358140067130887, 0.001733951866250755, 0.08891274342291912, 0.015657337066699695, 0.04676814294999177, 0.07664791419984396, 0.14299627702066642, 0.38703580865011905, 0.07168045892103685, 0.9000347142137782, 0.34753459412413534, 0.06435400702894724, 0.052573023355642505, 0.04200128544581459, 0.12408063849707945, 0.5991683442987484, 0.09194480313458954, 0.03202670051622749, 0.29537740964033243, 0.03937397334663341, 0.15166951459900305, 0.3766203202237476, 0.18343564738250645, 0.00813495624303023, 0.3091787308558466, 0.4070914562679572, 0.00901822189859988, 0.19499207785819958, 0.12140387189255449, 0.07655457744315854, 0.06756259669852832, 0.10742542205676146, 0.6517773483629802, 0.6586772192396171, 0.05146790206324619, 0.12289293136999457, 0.05222953373225332, 0.2028754187075011, 0.006796344930189418, 0.24527092221344052, 0.42295458077520803, 0.011145422701346976, 0.5027746887902379, 0.21054508021729726, 0.34983301005163053, 0.018549042687345488, 0.17814915902796308, 0.002504210544135285, 0.20278017829445616, 0.11409127587600974, 0.2344259229089061, 0.1077034578057138, 0.4241502895583166, 0.07237277842123016, 0.539311966023153, 0.06139834713447256, 0.005596001605446142, 0.03416268039635005, 0.060338493772330914, 0.1364600364543752, 0.10210321796521107, 0.052012736225348445, 0.13963559718207827, 0.060113691849692195, 0.10404289950728798, 0.033470295717479774, 0.032188620636958584, 0.11656424238330047, 0.03576117296501284, 0.24466365566775491, 0.08901188753400159, 0.03717202890917897, 0.03405432418213048, 0.2977803861233789, 0.3469251025886842, 0.1484903054771546, 0.09281909641811789, 0.04037713444596677, 0.04448678263982436, 0.07908250395445149, 0.12198898204368898, 0.058816297715768094, 0.05266642246260426, 0.0950848296138768, 0.08466927968266096, 0.1584297816029869, 0.15277747917411783, 0.19065085491120803, 0.018145194705714567, 0.07188932470285295, 0.24024631686614517, 0.2666713988084547, 0.0346494754488818, 0.030429697645140717, 0.014754401049871559, 0.005658161228165269, 0.21969744856985318, 0.10998104375024477, 0.09354441242829681, 0.009193803656318486, 0.2648889728148017, 0.44560732413739756, 0.02661013167189071, 0.36859724115229153, 0.13133761807575062, 0.2268305471827008, 0.06652317360969875, 0.1445568455983928, 0.31127258161759924, 0.0343207883983345, 0.042778245122807625, 0.07033113164452638, 0.07216020200964562, 0.09122092345797354, 0.5128709205320731, 0.15282755576433563, 0.29778368835229513, 0.059461502269276746, 0.24772546653745434, 0.22081018629618124, 0.15950631522229936, 0.29690375222480436, 0.30292156656052555, 0.06613012959167966, 0.04039603238884397, 0.2663474345785428, 0.18110121561194387, 0.20094022595271016, 0.12024750236782446, 0.10943584667981106, 0.04174835561438749, 0.09789817949533555, 0.08267491613689604, 0.061932440484284486, 0.11695738582486385, 0.03043695425239104, 0.036236170076286454, 0.10503971344041467, 0.10665729408262041, 0.49166812366179774, 0.2131982935497682, 0.009420477076914218, 0.08977996734107678, 0.33815510876493016, 0.0097241001568564, 0.41542314858610874, 0.24433757923931482, 0.44026617162359327, 0.12026511217989576, 0.19174606401842265, 0.4157166931478345, 0.11099258056971775, 0.3222929273079708, 0.09836668087191168, 0.08020590752841972, 0.12971668514905446, 0.05784531386315405, 0.028870928658426824, 0.11608305369218828, 0.21028936179771848, 0.0057142991148784236, 0.07175025384649279, 0.0368392401740198, 0.009371633277702511, 0.3331993835104076, 0.00727087688901006, 0.238378847128976, 0.31113295408877917, 0.0358528087841842, 0.1452129470721259, 0.10209457890719997, 0.12181525280389868, 0.20175930061345274, 0.10689533888376557, 0.20067281282534696, 0.3007516337825739, 0.03726775184589335, 0.01874944312841617, 0.0033160547800744045, 0.05476837024871333, 0.10473816827996431, 0.0449142620919193, 0.1824138700644336, 0.3004419636327957, 0.133968071424485, 0.19553607970248177, 0.21858335720085367, 0.026549877628925744, 0.28894330129098134, 0.20078933581733147, 0.020666529854135057, 0.006414606472453585, 0.2754262767628597, 0.16043324646873422, 0.03515131899782083, 0.0825728927172596, 0.3412035837969623, 0.45990266103194594, 0.12799493421024896, 0.010528923555356359, 0.17478902476465316, 0.03341112723839454, 0.2993309126877036, 0.040193099667126586, 0.06486987972363117, 0.23154063767714644, 0.22789871362734407, 0.10513729064031248, 0.08003454914460957, 0.3176336594216129, 0.17328736832528097, 0.028352788441203675, 0.1035375129098762, 0.007915958974731626, 0.10991704615224107, 0.0063763542346084, 0.1703747812628568, 0.31480343387849047, 0.26529588077828414, 0.16052704645773386, 0.004203601053449285, 0.455489737809456, 0.1481886328243885, 0.2784212051000943, 0.009900479789389996, 0.1408036011648241, 0.36154162141322416, 0.1281652808101619, 0.07987299868392636, 0.06603241929851301, 0.2726781375149752, 0.04262857998831228, 0.1343717668924294, 0.08624048014313715, 0.14328478311205234, 0.17161216975932775, 0.3459074001801895, 0.4844580310967206, 0.0289095294618676, 0.1660873284124564, 0.11166277231383305, 0.0040741691937013534, 0.08484454617609656, 0.10050032344519937, 0.1044094081901706, 0.20565723657957885, 0.20106336902866948, 0.2058982434973553, 0.13275637125446207, 0.24451807465079603, 0.17913710982502076, 0.07770262948308813, 0.23358087295929927, 0.2199502183244101, 0.2823466258195014, 0.3081757712325017, 0.17493433247013193, 0.6991954883508024, 0.02153858224443908, 0.085608101565697, 0.17900483011054877, 0.732345443836768, 0.015176345405288328, 0.07986826939799758, 0.05152902690768315, 0.04590701557852824, 0.35940785870520947, 0.09746367861485625, 0.16424717463622315, 0.479226734720589, 0.07134119199195921, 0.08291030087980382, 0.020178323291753748, 0.16052762125329484, 0.06106051703255756, 0.018078209803644378, 0.15163122956975436, 0.08680112538133661, 0.361263991283031, 0.020926028086298315, 0.07929403921563373, 0.03399271057880162, 0.10648985617326392, 0.008251132970734527, 0.009322959862838702, 0.09108730575035581, 0.0842395308208564, 0.22924049845266203, 0.08942936298321627, 0.052208932644131824, 0.05749114793233808, 0.02726134807845203, 0.07682367976320449, 0.09194475635730151, 0.3186708817367265, 0.07403409238209456, 0.05744920936909568, 0.2578762509515027, 0.3709308493481379, 0.010344996536872224, 0.4314778344672608, 0.03272630814706098, 0.03823086067156466, 0.09472118013884108, 0.04857538955966682, 0.21031332756100854, 0.3158320635621377, 0.07700459889081708, 0.016308139273352954, 0.10641712958019177, 1.1079907507797429, 0.15474208788881622, 0.1840199557479033, 0.28114354934902663, 0.1564574340252884, 0.31389045891618733, 0.053791241318366816, 0.2297815042020986, 0.1397210306592429, 0.01975206555677099, 0.08315970581280346, 0.002475434510145337, 0.020508555731777726, 0.11089378354863154, 0.12107798192693872, 0.00457448857088553, 0.11263088057058039, 0.3415639760274714, 0.13004472164314168, 0.11470473966347128, 0.0313781292962078, 0.01897013108516311, 0.056540650803202024, 0.10297711272193641, 0.2587305578891348, 0.04760176917251975, 0.1501989519367342, 0.03457372404531384, 0.21016287683070992, 0.11377448279091612, 0.29016185574015635, 0.2893409963701973, 0.023894903302600537, 0.07449667190882732, 0.12124961932351563, 0.0948098061561136, 0.14633011432929346, 0.1954133098220377, 0.03760913770276009, 0.394763707725104, 0.0809798370566644, 0.0325976977135758, 0.07188554075986153, 0.35742092069940185, 0.05893053989313251, 0.12826210859288295, 0.050033741483443396, 0.20157147233482867, 0.14971187061786492, 0.040405755593240375, 0.00513991617234605, 0.13348294723154155, 0.038407830443134915, 0.04395848129568234, 0.01070186710824233, 0.2367483607028158, 0.0401595018503372, 0.01841050421562139, 0.16692427166545776, 0.17050498559994798, 0.08447773957859764, 0.24151686702222924, 0.040636129102745215, 0.05780388089083068, 0.0565833452767569, 0.07740682043910174, 0.0479174338842605, 0.3249702015412418, 0.6111689154630467, 0.006823385404269697, 0.044582052116322775, 0.24750152670239575, 0.07904906371116059, 0.010336275179096624, 0.09807369268347765, 0.26805201284081437, 0.22981514317139537, 0.12464971254762205, 0.06538190948322317, 0.13319422141127082, 0.020107571987207144, 0.23777236174416244, 0.13140181737335294, 0.1737146074846326, 0.1239502469990038, 0.0679569975786904, 0.31197839632506147, 0.17807847479672978, 0.2489411883616726, 0.08853403559039041, 0.10960227049167506, 0.15171097337925846, 0.0005636698202008693, 0.1194055452357019, 0.01248449234593217, 0.0011207301840734406, 0.678362745003677, 0.208188271277358, 0.30848048207436757, 0.028599548147154114, 0.6336534080001756, 0.39821837009640987, 0.35931032830281534, 0.07483325284530566, 0.0533668999611209, 0.09734455454936783, 0.030572801896409325, 0.004050376840952979, 0.01113168500465347, 0.03492460533927913, 0.12547518729013243, 0.12807259258879522, 0.27921141219524753, 0.4215230914902869, 0.06826370783149098, 0.6078475879305807, 0.03608246167872516, 0.08949799654576023, 0.12383387991739937, 0.052096281010220076, 0.02565444784670923, 0.03856607023211921, 0.5645076889852446, 0.040002488480351484, 0.13560157056188113, 0.016559920887307268, 0.040002488480351484, 0.06575870939550864, 0.21794883332675205, 0.05962873106123943, 0.041696418622502625, 0.4195417045352763, 0.3091217974292926, 0.11242720671856175, 0.07066090482327904, 0.00950829776640243, 0.03301460525829672, 0.2995275569148387, 0.2262872671746408, 0.02377235740523005, 0.3170065570522524, 0.0469140509210244, 0.23141833666001174, 0.16128008780763117, 0.17068736156304246, 0.13924941256908183, 0.47403418627043536, 0.18594865301851246, 0.11720564364335355, 0.052595269345618104, 0.2277203817008843, 0.2687371296007809, 0.027107170468100114, 0.1492138381904934, 0.058501343534121536, 0.1276497462295055, 0.05138796696960026, 0.22962273829668697, 0.020205153123959083, 0.045780291762554305, 0.308719435583156, 0.2135365658906868, 0.27776009985776534, 0.41108182917989144, 0.09019797359130499, 0.5166549094385057, 0.023515448219147108, 0.010036425913963453, 0.09498296716688175, 0.29552835621500906, 0.5730213324206751, 0.05120860746447564, 0.2536114279193247, 0.007157284477796587, 0.07319480878041418, 0.36401343000501907, 0.01638262204554543, 0.18032419387677145, 0.019933101688261387, 0.18994469527189567, 0.048733693090635105, 0.03147953313509219, 0.2914690303696192, 0.10192412144296298, 0.042843207361343026, 0.5795528367339974, 0.31836738012770943, 0.00030138511844571124, 0.02919533967091675, 0.15517658247485716, 0.19434244883562593, 0.17310409352802875, 0.09840950375937184, 0.043456321575610496, 0.025464072565372902, 0.022247271752236408, 0.09498163392249073, 0.06941120488493685, 0.06792990465251, 0.06447788243618105, 0.0772811233885189, 0.2646931689448293, 0.11735351841231682, 0.10188467998488732, 0.030973995278550746, 0.5969338897625224, 0.03243505228454301, 0.06472323672944481, 0.1218491239153032, 0.019514871402706337, 0.263473678588945, 0.16439112224691657, 0.14919913837279414, 0.22654129806553355, 0.09689615081080293, 0.10421981923889771, 0.19770480830236212, 0.03240274360219605, 0.17760834270043874, 0.1407596565355408, 0.026924827945669222, 0.009096627029978698, 0.016819188877597684, 0.1293944284581424, 0.009492370040694979, 0.0064783896993179544, 0.08264060378511552, 0.13196416562143062, 0.049090131928657, 0.05609946219787563, 0.10410032688440078, 0.2679262019397671, 0.0007197838207685576, 0.2986613875799657, 0.03656615853631881, 0.04087547818847678, 0.03478928962927053, 0.07889788723596484, 0.055511133821444916, 0.14685093774457014, 0.5542659242340304, 0.04451120239165767, 0.08488043097728193, 0.23383591356916883, 0.03250147610075431, 0.35169949009246126, 0.1619815630019348, 0.21440589221832537, 0.06840738195791018, 0.0748520680217998, 0.06967262978158373, 0.05008613111159656, 0.07915529403015421, 0.09241092668662032, 0.08499294796824733, 0.015541077545363977, 0.08663952506429388, 0.3007122153720526, 0.044233060853796045, 0.1483384156762011, 0.11083605892810476, 0.04227210045682904, 0.024936697784978777, 0.09015362891183733, 0.4832046226222029, 0.11976251086428902, 0.032823826562142, 0.015036434847724026, 0.07857672916842812, 0.0233582130878705, 0.0009877624111098427, 0.3472581908096476, 0.052968294307303515, 0.03542346256074703, 0.5178022343784339, 0.0025133006262488935, 0.5334290016528619, 0.16823747400863626, 0.0017431788450991538, 0.05279231306823336, 0.01133927509679465, 0.09815893714066537, 0.17538285222223093, 0.07769368181838654, 0.10765289841550035, 0.10319775897747446, 0.0062535044297196704, 0.2641054345873765, 0.14535435781004435, 0.09851061011510036, 0.07847491309872884, 0.11257951246730957, 0.05178323945866269, 0.09347500998564572, 0.33949415926188764, 0.09232677518877089, 0.061409566972150935, 0.10941081715213007, 0.1362137401962392, 0.08461880924433868, 0.23541882836531686, 0.0013604429767882038, 0.028832038468378066, 0.4851491616750114, 0.017116131201871387, 0.08448932392820789, 0.028392282043109673, 0.15485046577911502, 0.06283649286892583, 0.46877824373387217, 0.06789968230947906, 0.09196144922293696, 0.25653628768290687, 0.3558234542987862, 0.11511978322333925, 0.07473412447541349, 0.2216256889553252, 0.017657981931103312, 0.031295099480206194, 0.011966496935333228, 0.08967897944466442, 0.07473412447541349, 0.04901869678516091, 0.08156154447303215, 0.11236395205515395, 0.11926188313415562, 0.02514524116168228, 0.14944688836882733, 0.4731482224280838, 0.02751516833435458, 0.07140189658710884, 0.01012084518127476, 0.19141777395333917, 0.13849865211975468, 0.4799430776046028, 0.10981583834350607, 0.05893207050880609, 0.003732729680293967, 0.21415283303285496, 0.03313489498483482, 0.26062972839376425, 0.004703953969000859, 0.003576940587709017, 0.15065923957045754, 0.18928301626700283, 0.12949399682486112, 0.2125399125941663, 0.09531835202714231, 0.06771842542385181, 0.010291849970295096, 0.35360052864991026, 0.148208640985836, 0.11540496208643052, 0.0661958523579753, 0.016800074391576162, 0.3369360073745912, 0.00011295059531819969, 0.19688468973622203, 0.0948772644356869, 0.1691410831959721, 0.14923775176219312, 0.08224141824911495, 0.1441203607632669, 0.2028569369497284, 0.015034104632350219, 0.17715286632986627, 0.13928319003020842, 0.7400700168860938, 0.08110467973752408, 0.07010647257364505, 0.08622662674349352, 0.20832237337324136, 0.001651216488904918, 0.048351333768488235, 0.009025244329023909, 0.03420124943270961, 0.005679121452198317, 0.010558696647363664, 0.11519934644576588, 0.09380241753549116, 0.008647504992166245, 0.0005735511373905084, 0.07783440553974473, 0.07960004143615806, 0.03142508274225911, 0.026399586966118077, 0.054814123980146345, 0.04857490009750639, 0.07956921930420673, 0.028994268623533416, 0.12081083896110627, 0.25620415149120884, 0.006889959798497979, 0.05035350483943733, 0.2921312765397967, 0.08345538163653304, 0.054211092730260424, 0.36560375048142896, 0.14786166166620604, 0.0967813696611109, 0.01813488725165712, 0.14823977089026474, 0.028922373208390806, 0.05540643034729288, 0.2708327704808292, 0.1335959030927062, 0.0982215412516763, 0.0397338733469603, 0.013654999207784142, 0.1701352401224965, 0.06353826221273261, 0.02125317900269794, 0.2679320696244094, 0.20692262384850477, 0.0037212156480405543, 0.0038440783722407806, 0.07260932989628265, 0.007781225760994894, 0.021347727973715928, 0.23806687067281937, 0.19244737827645186, 0.13742760943981464, 0.14609020140249254, 0.04551442482362773, 0.06403131916639813, 0.08328019328950831, 0.051023550016097215, 0.14346988432778418, 0.027930426180970535, 0.24091833185677208, 0.08671594964567582, 0.17292466116314012, 0.17122133413381652, 0.3318589722792726, 0.1319728311122035, 0.010010954736287209, 0.2867264361215076, 0.050247830628702514, 0.03451102362568981, 0.21850720977665108, 0.09385691437464841, 0.06692617998100771, 0.09261710066265318, 0.053102989752257884, 0.051969930854643305, 0.012369312195609567, 0.03408203133425735, 0.010896612290856512, 0.07219744497060604, 0.13998529815686322, 0.06991500515775527, 0.08240079239775003, 0.4250280769108869, 0.008395277188071825, 0.029736806862151296, 0.01312541611199789, 0.08023608042344924, 0.05627572181347786, 0.06255964946259983, 0.07161240662223721, 0.17072939775367404, 0.05324116831973146, 0.03199311884597361, 0.3746429871155872, 0.13905765518442872, 0.1492751592927182, 0.22501573885725187, 0.09404753983827555, 0.08412964250442219, 0.042579474860379246, 0.16358212947844683, 0.08569022374556243, 0.025632551603449273, 0.18139910844227022, 0.05547886807051037, 0.004934495237101193, 0.28996956535475316, 0.04919574800564924, 0.1099996449141948, 0.18985497275716448, 0.071120779187168, 0.05177917295886029, 0.0288825045403398, 0.17581939040063713, 0.04789072622431121, 0.03727799300848897, 0.15381285703288233, 0.20592599152188773, 0.1524025357727584, 0.07417626372803098, 0.07938095145160938, 0.10119222262555261, 0.09601829514359045, 0.0061844632477749935, 0.0476373633591369, 0.2463863666481749, 0.029599491138169187, 0.14103501103094346, 0.16626624230873713, 0.1053004373062788, 0.18397943182400364, 0.0432161758808268, 0.21697966325776902, 0.048263701261414035, 0.1312528925766133, 0.0042099581369788525, 0.01110676925899044, 0.1209259274678961, 0.038054056750368055, 0.018680351698874404, 0.013474721762571971, 0.05877872441360874, 0.14715555374614583, 0.014892228349856335, 0.025207457674130216, 0.08370490551849397, 0.031482308865253314, 0.040924823850269375, 0.15223657017368292, 0.05146031951625849, 0.13116895188362196, 0.0027995132142640275, 0.14485132931836794, 0.02732385404264485, 0.14510841318018733, 0.3768949325817426, 0.09933628900827957, 0.09871818849766113, 0.15452360711209906, 0.013745950759423756, 0.05046812222885287, 0.17532071543967548, 0.21531276502156257, 0.02172351157152389, 0.1850876328908448, 0.00225786197635818, 0.014316777752230498, 0.03769261152176074, 0.03668532299148094, 0.07267190874261031, 0.029725935916696818, 0.18961849360636104, 0.46553948663254274, 0.25703367272076016, 0.1957464647102955, 0.07461243144148619, 0.0944156251122338, 0.09641456059936855, 0.36085892932779184, 0.17202997394913158, 0.14799354934999046, 0.035040135068445215, 0.16903726643550387, 0.18450852361945647, 0.3162781224271496, 0.02436748994452478, 0.0793484285663879, 0.19896389872076167, 0.13543603898942025, 0.052866125216389975, 0.20003658596390111, 0.02065567094452102, 0.11991314918796242, 0.10242371531709936, 0.11695781901152316, 0.037619498207710635, 0.28195298701776017, 0.01905359963992593, 0.03031067420021215, 0.1366576210247125, 0.08199219653834693, 0.33855908795677253, 0.21716757893278138, 0.10423998177316132, 0.15111378579235935, 0.5921607501399504, 0.10883856854029005, 0.026222801094894742, 0.17476624131687077, 0.006437300690772049, 0.2917275725477243, 0.18420053459247954, 0.40172647502490016, 0.12718836456616703, 0.119955841228517, 0.08309728999613623, 0.042629747630108406, 0.05305463913773604, 0.02441557112267079, 0.1303375525224367, 0.48971399456173637, 0.07081226711603163, 0.4570872393622398, 0.06074300442136819, 0.09830418404350579, 0.06080117389586925, 0.0200262990489728, 0.1641856150947748, 0.04053810838337711, 0.011651526018360489, 0.08579175614307402, 0.14740428047683166, 0.01220438783284223, 0.0005117781834215199, 0.02985852230689698, 0.03565929971002783, 0.04688263681553464, 0.010136551532548669, 0.01374535073215802, 0.05703230304111862, 0.13576111978926783, 0.011507165551643888, 0.0016242302953575166, 0.20489517444808775, 0.12501752491792023, 0.12465618919898931, 0.02043657699792869, 0.030572337640735348, 0.07603722850072357, 0.24271964423193015, 0.012514806614918716, 0.0424380252377831, 0.24046117734623432, 0.018182988127419728, 0.1662340104416856, 0.19257522543134725, 0.24216552735787794, 0.28739302398357325, 0.34779864719188247, 0.14471317870199074, 0.16151992818877936, 0.03110922409267003, 0.0681543775617819, 0.34212518943298714, 0.13449872721076916, 0.11948023822509593, 0.12907144166106635, 0.0019288945836666682, 0.052693558582467895, 0.22072300608714493, 0.17728052501854413, 0.1467673426632773, 0.11703252651158952, 0.10567969371633877, 0.14737654736721423, 0.003875435075446073, 0.4962771018765282, 0.06258377863921169, 0.010134852249810894, 0.25812297366457426, 0.1702684870056413, 0.08849053346319853, 0.28364099946757027, 0.13112715816543918, 0.018909493510047986, 0.06457208291755778, 0.02818851811482935, 0.10082795608414376, 0.06797630481282943, 0.04340158034074539, 0.10997592877543712, 0.100830012827615, 0.3017693294757922, 0.06946159583019032, 0.21518284566316392, 0.14909845293330973, 0.210711818862164, 0.33091437196823065, 0.2552413741194536, 0.06438119479768725, 0.007451714676266157, 0.11187304220787078, 0.19307734529337756, 0.012366657133002265, 0.1552006358179143, 0.06702013664551795, 0.042692845731499805, 0.03600780553291093, 0.017116566540830692, 0.24061239013781308, 0.0004078348062341985, 0.028129165511743083, 0.024785456304513565, 0.17224145315194525, 0.056045275397977476, 0.008174477016289082, 0.10076388658488925, 0.04631658618445319, 0.2495682294432445, 0.03163312092293487, 0.2980340276340565, 0.09401444422759472, 0.1563648631809958, 0.00637911962940177, 0.09523439859058282, 0.11295596110115826, 0.07301285440012939, 0.004249787442892716, 0.2164466247043832, 0.44866135448469735, 0.008071810483661457, 0.07148287153916842, 0.4311029158610753, 0.3172219760889645, 0.052888343914622556, 0.075523498479341, 0.17671685522451114, 0.11735500366340183, 0.15883756081724384, 0.13721974611253293, 0.009002777676394244, 0.006366829094148884, 0.2158177671522005, 0.031629063636455367, 0.05891664483830825, 0.02324425085143637, 0.15596018961233718, 0.37296687429543773, 0.047686648784704924, 0.024591146011883846, 0.03853577368753429, 0.2885713711746399, 0.009915793969351515, 0.0018270777652351843, 0.018804121207175922, 0.3356922903025622, 0.13732689288427893, 0.05884305691129793, 0.19924036292438785, 0.21738996571346494, 0.2778236226166322, 0.04927336828052957, 0.016795681314974435, 0.10374914611581956, 0.03439808728464806, 0.1445883341064944, 0.0942405582886343, 0.1279206085311958, 0.16234839436536702, 0.026044795986337275, 0.0384153817306294, 0.16207878855607263, 0.045731819741007124, 0.00898191067269177, 0.02288104492434946, 0.01580163673219803, 0.11462495164507473, 0.06856908867201286, 0.019237384898381914, 0.03523336641326418, 0.06486380584876238, 0.01708246465718799, 0.002093530763131526, 0.013464927494677821, 0.020257761038944937, 0.12091087890128266, 0.016482599365985215, 0.047037325214128435, 0.13211368708457857, 0.043577755737499745, 0.0513236179452577, 0.06546437596446383, 0.017621148464442876, 0.04862804927621776, 0.05568301427599449, 0.012027332129941112, 0.018512867891269623, 0.08878205960652522, 0.32389705500637384, 0.16651410460923388, 0.10073241699463745, 0.05490170594928173, 0.2089921185830294, 0.027213380190228068, 0.11409346972455219, 0.0582839681788925, 0.31800861179114087, 0.04209490685742356, 0.019871303622207983, 0.08269114885849796, 0.13126288969680486, 0.07649888760849315, 0.07627375253086643, 0.11362673846617374, 0.10223042507344908, 0.08086945591162828, 0.09534790560823421, 0.2943579090651204, 0.16787596280987419, 0.04700776842309012, 0.15811929294666774, 0.007334900598445974, 0.0998117832116901, 0.32161538770701253, 0.03406328713925074, 0.1459590683424757, 0.006191022979920142, 0.08318890692637473, 0.17251007698218143, 0.05393456842652006, 0.4006146072799385, 0.04546771138296509, 0.0754628026311893, 0.2637617262425725, 0.06760112707284888, 0.11207894243573972, 0.00047679282689594367, 0.010143713712773117, 0.015121461072708862, 0.05765310648438386, 0.09778338792435899, 0.10963323364043594, 0.25439553179352714, 0.11371229728654916, 0.03029754527371825, 0.29228945034473236, 0.1552558458123058, 0.02493511536108338, 0.10519478739922863, 0.4672342774564529, 0.18604605746189304, 0.37266245141655824, 0.17361929464930073, 0.009984619035767438, 0.2693488262135825, 0.30709044630506277, 0.08308699678882547, 0.09134309526712739, 0.03276048483561259, 0.13557147052861337, 0.011188412791536503, 0.019047620527135233, 0.16736835845446063, 0.40224922968433935, 0.21274822024052467, 0.07749579007997853, 0.08011439202712699, 0.16441238114744533, 0.3124258601133221, 0.23662024735484832, 0.02913054119839634, 0.09072141596317485, 0.05523977791581914, 0.07760298119398591, 0.48051845668475995, 0.4188688220388645, 0.01087392881623297, 0.025613270773760303, 0.11321011378216549, 0.3792875310882538, 0.337936389284234, 0.03613202361712024, 0.053629294629811794, 0.06241931034547277, 0.09547032492827763, 0.05967678807190766, 0.28784262450408976, 0.30557935340784714, 0.16722445208820025, 0.4564094722913826, 0.25198795653871553, 0.09815110397660795, 0.09277133403301989, 0.04246562604275744, 0.024092192657001337, 0.03484085711207465, 0.17226607257754437, 0.28147456557199446, 0.18380847125548957, 0.16845888790230854, 0.040896837889958106, 0.011494621937312068, 0.2916005943373588, 0.08471591981833013, 0.23891747560163734, 0.06605364323056734, 0.12646675823176126, 0.011822864630105593, 0.0697627806554071, 0.17933316857126147, 0.15166643719118197, 0.045477882990872846, 0.2688650390317256, 0.45495270671496296, 0.19422803249663934, 0.1460592380197934, 0.09140401018278323, 0.23897890635791952, 0.04669735636177269, 0.6254892866061261, 0.10779371449852039, 0.06412006046411788, 0.08941359597880352, 0.05539581653687805, 0.1528259186939135, 0.15816301534604255, 0.006812893750712609, 0.1391449920910232, 0.03394599064515344, 0.3113328342500104, 0.002017446204614315, 0.04882270284591641, 0.10264422469214524, 0.10960721911123092, 0.09666694254135483, 0.4966072627466517, 0.00665757096348765, 0.014069839289373595, 0.01976604643112185, 0.1853250340481057, 0.13397743581423135, 0.29090430582360366, 0.059426317677405395, 0.042275492614817806, 0.11677270956177972, 0.018917770466938637, 0.0019484956639871645, 0.027538802725755, 0.17058068290114553, 0.03799328386000115, 0.16983347795499026, 0.24224281296538194, 0.14840444989987625, 0.02218700514621323, 0.15948769509278626, 0.1279820825833989, 0.009214957954832327, 0.03961363090693876, 0.16540625834408504, 0.04480794482535172, 0.1297839089082884, 0.12361051598111514, 0.03851012666253871, 0.0212512396438075, 0.10076092724638645, 0.09735281062225806, 0.16657444962923787, 0.2525435301224391, 0.07219663193730164, 0.07537557945755774, 0.04004232822766745, 0.23116296080655122, 0.12863477494019157, 0.1238250385062809, 0.10397403040227694, 0.4550722348198188, 0.03936367851127815, 0.23889014902355332, 0.01891201787878919, 0.37523737332699947, 0.03840017406822428, 0.0731843037424369, 0.028421371527906653, 0.00947031221544626, 0.07706311043956902, 0.019188295528723767, 0.11049255364807832, 0.06378331918830409, 0.35527455554979953, 0.05509489706284017, 0.03252576322630062, 0.013491574291243433, 0.09297695955205329, 0.0033993747578486377, 0.03648166782532167, 0.07440097544991267, 0.011216944304072204, 0.1654086177158653, 0.10996612292556336, 0.01694174131611418, 0.0694615870318074, 0.12252855445255799, 0.11041141024678199, 0.09725965441836104, 0.09262155427307496, 0.10615597924364074, 0.12163642647528546, 0.042227214114673256, 0.047596014622042104, 0.012249551896453305, 0.1335775849194609, 0.005520626587075131, 0.015287904204851627, 0.02027889419711379, 0.07018646741423569, 0.03011349395541263, 0.12826264163655027, 0.027353507985814502, 0.03160583074207263, 0.14625422517944478, 0.10841746088655993, 0.00833622761246961, 0.01952505691311397, 0.09017755032892454, 0.040953069990809436, 0.06000899899064616, 0.002222195129155531, 0.09551950779494961, 0.09502501554080936, 0.02026736593862248, 0.05626870438056571, 0.09869869499182875, 0.04033112639750878, 0.12768641554357102, 0.14355611916245437, 0.1643775506972112, 0.01951621654979739, 0.03961907523132291, 0.3349219306563944, 0.12025538280657577, 0.44159905300756597, 0.09817644633654295, 0.014396291024209504, 0.037907372634126885, 0.25412370490326625, 0.0416054222125551, 0.07283201062633746, 0.18330644886937897, 0.11914813544421553, 0.30503249632542806, 0.07978265696289073, 0.0871024086369815, 0.2471235256629589, 0.2726276247231028, 0.20402999139369954, 0.023988059081664667, 0.005191980289177164, 0.08230294869057751, 0.036538475062461134, 0.2462405743805982, 0.1295502387140364, 0.042864404837570175, 0.012879725294654979, 0.15412436813997774, 0.032251503242889744, 0.028717547042452524, 0.07263358916762568, 0.2968782428278794, 0.038470007928077754, 0.10138119292639514, 0.027910353139495785, 0.15000791987324244, 0.021190799131453195, 0.09497210373179678, 0.11499147943921709, 0.09178440232940716, 0.17406308373354243, 0.2902228856308181, 0.15546001221794326, 0.23044563601053325, 0.047782717759535416, 0.2345256969192516, 0.08313470789803933, 0.08818244100701479, 0.11549042410085399, 0.0010509280150923753, 0.05000047899334802, 0.05410393463492099, 0.06760292415502939, 0.0037959903303677826, 0.11471255040807522, 0.06143731861601113, 0.15282336682430978, 0.05088396629570163, 0.16444338430213615, 0.24958862304243573, 0.005781125545492826, 0.2289515079140444, 0.3951901090056405, 0.1299673096870835, 0.007935475907002361, 0.04171329511279527, 0.298524383607372, 0.17780679872169966, 0.018018987920830325, 0.040871218992365406, 0.12853421573118198, 0.11333373367379272, 0.009535574212896589, 0.21041524423763622, 0.024160721444752238, 0.09070352565263534, 0.08019442236425481, 0.06643990605330372, 0.06824220088627223, 0.046817015873329836, 0.27506167987378943, 0.035458881333505186, 0.13472952802232635, 0.03881546963514728, 0.07137069427559457, 0.07221503514624905, 0.03336262769992487, 0.01679141443337495, 0.02689074502351435, 0.1633988990980472, 0.02811350995469567, 0.028065738309675015, 0.09509933378731054, 0.024053795268387388, 0.09396871549147096, 0.04031596915495195, 0.03733816933665791, 0.16203134587165768, 0.00299183884664855, 0.12007791891849934, 0.19441197195769944, 0.06188516370192928, 0.4087510611615125, 0.2221824109589148, 0.10404983048664214, 0.20234358216938705, 0.1742619083110659, 0.014252282166723858, 0.11430835201972306, 0.2164929347874471, 0.0009587782523647971, 0.029043420765163114, 0.008735266918434969, 0.2678628956456383, 0.01836799203599996, 0.037342306010460416, 0.1394612251997056, 0.012310051652338727, 0.011060727462310994, 0.0037934566164419584, 0.7047377319523535, 0.056104146779644225, 0.35315991039343175, 0.17069545127212696, 0.2249040912151881, 0.06862076081223063, 0.051164102392490765, 0.12101413269742435, 0.0428183094177788, 0.0011903042754551729, 0.07543694857557934, 0.11530502423283226, 0.025694273941854653, 0.19183735800383003, 0.22217748091777562, 0.05312076553750522, 0.2226335765284982, 0.03957082077724769, 0.007350027982958831, 0.21050382029396128, 0.38505570930031136, 0.11297030349311735, 0.1172965728800918, 0.11280299541686431, 0.017160918308584534, 0.01091442470231869, 0.021034034359264965, 0.014994186186411785, 0.04511535783765623, 0.10692616793262509, 0.03523786035085538, 0.0422634276307547, 0.06406685426882844, 0.005661356406185175, 0.22109705111484557, 0.09733916299739193, 0.03925857506593587, 0.06423244993214426, 0.07520321874955717, 0.04296940291486765, 0.0305591237980802, 0.23364643179638317, 0.08530490463048504, 0.0169007948857096, 0.11450319405333192, 0.08830505111101011, 0.007751892501386271, 0.09513972566973213, 0.13075643681635044, 0.09744280147187351, 0.06722473725530195, 0.032282350149019104, 0.2512742568635307, 0.4357395824715474, 0.06669033595226387, 0.061427450704612495, 0.06941238268461289, 0.024694522043970577, 0.388621163196981, 0.15636929930336105, 0.24771033037851603, 0.0006234517991031329, 0.19919345646279488, 0.15990015899294857, 0.02110899352959512, 0.2995083915431762, 0.2157312113699481, 0.09504838958914419, 0.10074756979162411, 0.16098492003376058, 0.07755338259339667, 0.015618426295548717, 0.19353386307000753, 0.1548777886281383, 0.02836042454505297, 0.055214379264156406, 0.04044992948968173, 0.09526629879435144, 0.028848584193915047, 0.05190729079599047, 0.1983429743400665, 0.19870656618673727, 0.04128481573678574, 0.13113793781844535, 0.030919678008928114, 0.11974856511015669, 0.08755010610164575, 0.005665524182846833, 0.03974084895444296, 0.03438076792262811, 0.03576568422411214, 0.011948855657913557, 0.04337752696009122, 0.1084755597268208, 0.007532971756941556, 0.055883249912245206, 0.024579797280780986, 0.0018750302546431986, 0.050712572377072565, 0.041534096489839946, 0.047719039041121576, 0.23192451560857683, 0.2594476638106218, 0.12234249142497268, 0.008288520450218015, 0.059979704250858565, 0.06807787073141448, 0.031286820553086014, 0.029995927542705626, 0.22348305245325198, 0.053291142751590845, 0.020346514884215506, 0.11046041930077036, 0.06251562537442115, 0.09585733042665237, 0.15425779126115108, 0.047668478721746683, 0.09876415252034257, 0.04915118598123356, 0.2128734934645353, 0.05469637356559431, 0.11203245392101875, 0.037719949738038015, 0.04219560973507745, 0.06033427222708649, 0.14557154594166183, 0.34715144861883995, 0.04072343563426734, 0.1666526629061385, 0.0011127240647078088, 0.08443775124645404, 0.0040365941594570605, 0.004531786525619866, 0.1582185806100899, 0.013513459123734806, 0.01701214601173325, 0.03844569784561242, 0.012999193595755989, 0.1318763245950275, 0.0389509566276522, 0.04146995140459844, 0.07423244224972782, 0.06298911170971787, 0.14775615253444963, 0.24858443818527823, 0.03991772352326812, 0.12933673378491, 0.09448027526222386, 0.01647453468040509, 0.49056507056877674, 0.006923693679000148, 0.009776455200870065, 0.057902594832874445, 0.14687287074787422, 0.003163331252986157, 0.052098070688737626, 0.1556710784898085, 0.1924988738283227, 0.02878683040367792, 0.15655023291556652, 0.11165295125349897, 0.0962338477411572, 0.11609212214881587, 0.016712258702102342, 0.1611319996970424, 0.0441371757164821, 0.2826206889075488, 0.42145313116169997, 0.2584452590356019, 0.18605857437665185, 0.15597469415717816, 0.1465998642409314, 0.200441077678579, 0.025838515167773853, 0.06163414086519371, 0.0017497102385105809, 0.0025939292416005772, 0.0464376216692595, 0.06388035550725979, 0.03601654116710203, 0.026019275407350214, 0.057967714181607205, 0.1296460266487712, 0.34936144522786566, 0.023970949471507536, 0.20516855223668656, 0.2904868940425007, 0.07690437082195273, 0.042957202686430704, 0.018622335442461793, 0.21930461593775907, 0.17751517818942789, 0.04691692709098429, 0.04920216288381733, 0.22916491150335122, 0.03500570152135136, 0.007006552170273298, 0.0011474241672514698, 0.0371201323196563, 0.3265983975748042, 0.01410943381100466, 0.08570524280982243, 0.2667728995684323, 0.16357495308527858, 0.042242959410730585, 0.2906752419849113, 0.23298163008637826, 0.013540021352826557, 0.21163485117089115, 0.027092720508857308, 0.011867887006478626, 0.4155050519429666, 0.032343712395363634, 0.10444298272115449, 0.14157862423397635, 0.13921376444043626, 0.3285085339081057, 0.038875420700553526, 0.07220337540626356, 0.34161732269582584, 0.044861508769579055, 0.06878776955750357, 0.05240694953444284, 0.04087278030894763, 0.12436009319461092, 0.06694708122760311, 0.0526893748833321, 0.25152133669694393, 0.3057099906434309, 0.008218289362358131, 0.3099046271264215, 0.05074935936005543, 0.12452744846967272, 0.008602427216225476, 0.25003355383269316, 0.7343424932937078, 0.05998751081484763, 0.047229325795576656, 0.004763142593819801, 0.11363951960993168, 0.04525894060992421, 0.06105254172696766, 0.07183073564062635, 0.1212920652349455, 0.11560793893903965, 0.09172535472016459, 0.11580819753796341, 0.004984747595473172, 0.0006133727571786861, 0.22181225988325012, 0.15110943130579538, 0.22751941174466414, 0.1586321901947272, 0.016930027966374127, 0.02652798566398735, 0.03793605332359224, 0.36960579588167025, 0.027268583133839147, 0.17228976656081477, 0.011852410570964743, 0.020843718441972924, 0.02737778372649608, 0.06326121800990335, 0.06947185332876746, 0.018689462906628075, 0.18306521208514825, 0.11955726257190023, 0.042266089662614935, 0.08788155582154569, 0.04066904720605526, 0.04862110356745628, 0.14210086691207288, 0.08085191233067789, 0.19006948514918418, 0.044129650152494926, 0.16096425239527454, 0.02610121184475885, 0.09525038281246159, 0.0315854942869524, 0.13999945088817475, 0.052602986800413545, 0.07261930379094687, 0.08649643621079779, 0.06161070450505555, 0.057986224542583516, 0.27166988067490777, 0.2403076986474454, 0.05324917651594189, 0.2929689746963951, 0.0023908223460757487, 0.02012815325969119, 0.011350964418913988, 0.04327278831204225, 0.023674735256839146, 0.1536734636449113, 0.02614707545706492, 0.0439763826508051, 0.021723948344919756, 0.016879927884580485, 0.03304830853576174, 0.3757725182769715, 0.1615926701439984, 0.15776151159392265, 0.04067023356423671, 0.45836890055153534, 0.11947405069872521, 0.0267531078672895, 0.04789662601852176, 0.006056019660437797, 0.10824535248469944, 0.06381283655114738, 0.033296551569334046, 0.17291676522531033, 0.0017083287974760202, 0.11852532551060338, 0.11400962693761109, 0.45279894436890006, 0.09625483041444112, 0.044761935041824255, 0.20015901099380862, 0.17831471320250725, 0.058544825955845634, 0.1615416161746751, 0.03373712755457708, 0.16958318648465387, 0.2742680514922526, 0.044021998552410964, 0.010315104772873424, 0.13660551522423497, 0.17297296321975425, 0.0371726690608993, 0.4227571174831233, 0.04433541738856, 0.10954314749428809, 0.053344722745396096, 0.19435284654986432, 0.16252937151087132, 0.0374966014499095, 0.049852237599532195, 0.199934977839015, 0.16322049956500762, 0.0076988605092116235, 0.099473610680965, 0.07594082331055431, 0.273353594678939, 0.10631237601574332, 0.10417730956528884, 0.10279854557363313, 0.06916991371631422, 0.006183500622058716, 0.19909530005183762, 0.1699578566579815, 0.374503558388404, 0.018241463984362688, 0.06743403823070757, 0.02427381115146777, 0.21809863949716793, 0.06670932546343591, 0.08623652896868812, 0.0054168353697816194, 0.045770685471541415, 0.012552916634167724, 0.06280778499142511, 0.1256912784311218, 0.0379656503417657, 0.10567964426809652, 0.3554358252866604, 0.16761377098573718, 0.19079966232886536, 0.3740653820207182, 0.007519126102439648, 0.06400350170895491, 0.01186914293494697, 0.05052627114554562, 0.046549293318590784, 0.03381807441675773, 0.1450382517931772, 0.14391054142690346, 0.17168417689876542, 0.13726163665543406, 0.12683890478526824, 0.12785362566352743, 0.06116795087719844, 0.029567398039757775, 0.08611872951776475, 0.41570683407938774, 0.33577201840525606, 0.3897260222177005, 0.07540169391561966, 0.3276133086501292, 0.14826923640196213, 0.16475060294858482, 0.07286411953974642, 0.017806666301877612, 0.1422697260647198, 0.019209189516891993, 0.19584259752669736, 0.0202510202586029, 0.010272255544233463, 0.19118438549382008, 0.04418897276052158, 0.02785458271076574, 0.1996439245920773, 0.23605391703454495, 0.3129179967876803, 0.05270074548037987, 0.3389937966997179, 0.030054633745593605, 0.025683979913675645, 0.07946871432405848, 0.40726891034863877, 0.018733324573800454, 0.09029486942344263, 0.028684012495951865, 0.17776858580026025, 0.32090147037120487, 0.06298456231850331, 0.1833832325771631, 0.02261127884133462, 0.15297209692464786, 0.30929606172297497, 0.08627224788202073, 0.043846453024917555, 0.07381935321931886, 0.3622822324844006, 0.14581932076054258, 0.2041594927657247, 0.18978575173451157, 0.056601654997075646, 0.26007391293540566, 0.04700069727309237, 0.4828118094501808, 0.10117422645693751, 0.10469887188078429, 0.00409140608329232, 0.05751079021722237, 0.01995861273698886, 0.080187610715332, 0.5344700415192788, 0.2283192514739987, 0.05034328615685541, 0.3909139520525517, 0.10243765734476146, 0.2808863280930549, 0.016274595056390322, 0.22711850789494212, 0.2227939598628696, 0.2164020871457044, 0.24357271710130832, 0.12104781884468853, 0.1918246666365113, 0.0250588224474571, 0.10740779580577782, 0.2538506941630658, 0.10946514428216488, 0.09664283741309457, 0.0687700119199822, 0.353548623646248, 0.08027357443450518, 0.1895688144434657, 0.09991252213477111, 0.09983615716894326, 0.06672541036094613, 0.026777762850831555, 0.17401238455080612, 0.016922685129239813, 0.3099172410542153, 0.048355906295273254, 0.12601856332005906, 0.12117925631105068, 0.16369733108211879, 0.07574718569880869, 0.06086739723988217, 0.014740948504317614, 0.05425140089306906, 0.03176951790511027, 0.08366290824214807, 0.1271928524603656, 0.03709253742078627, 0.08438396068148744, 0.10526038196200077, 0.17845170097877655, 0.10982627876565236, 0.10892589766790874, 0.40403170300391955, 0.10445207211453313, 0.13254321963505397, 0.03815570835233856, 0.36009694399287495, 0.02508247701775041, 0.07185589571183111, 0.2403745842875703, 0.24792549383318355, 0.19054920595874886, 0.10464396758088146, 0.07873257239239906, 0.00013144764792847718, 0.16022031360371564, 0.3560158658924313, 0.023885746715479304, 0.05523203675812395, 0.017914187682086954, 0.06770298155393675, 0.019802690867707255, 0.1230099036266859, 0.1080318170492449, 0.11833262743974886, 0.04088467903140546, 0.047680286540633963, 0.3576247095865628, 0.03137773531938994, 0.05820297223725322, 0.0834778631458824, 0.054467304792379344, 0.2771053925527967, 0.17448689919026944, 0.04313168032278435, 0.08383040578241742, 0.32969385656386, 0.02289569276608952, 0.012692900880012624, 0.030223780658403067, 0.21025964276134707, 0.5025232513725967, 0.1299038559834935, 0.2908531041871555, 0.10230041026987637, 0.42810414399816293, 0.5943329525357784, 0.054645584385757555, 0.061817240494399725, 0.03774240968863163, 0.1743751226998858, 0.41084094848478975, 0.0021251782924568588, 0.03445951688170519, 0.21759208573369118, 0.1893391151009461, 0.08935218554059364, 0.05601434801928248, 0.0007820017343538933, 0.11431150088093485, 0.10261239747204763, 0.08149429301155323, 0.0488791180977316, 0.043070134768453255, 0.12360876697201613, 0.017646955547195198, 0.050233654676302884, 0.005896062060482641, 0.04473060688545802, 0.028060504959935766, 0.07719986457005457, 0.13299503499989687, 0.042096028909485286, 0.09001351610505866, 0.06257162051034285, 0.09949139343649002, 0.164659028812819, 0.16222036740462134, 0.26263492985000686, 0.2397124158517529, 0.18536438798535815, 0.3135539315667725, 0.2104993441052481, 0.03898455673082686, 0.30945359312144366, 0.10236452726320724, 0.3173201155983981, 0.2051635565488889, 0.033099087798138874, 0.19016244364847296, 0.2096935237537968, 0.12824626106425993, 0.0362651655896528, 0.12759131108109834, 0.07605654395649529, 0.3590261447571577, 0.056552382518440726, 0.23543521318822402, 0.18705628760879667, 0.22141783213147978, 0.1072419890373672, 0.2149199529021647, 0.07378355571755355, 0.07364130919805642, 0.14342391121055373, 0.44185037840330615, 0.21464314315658015, 0.09834142614854549, 0.051743041903050215, 0.08853501375029603, 0.11932641196589318, 0.04090463819114134, 0.047550130835977894, 0.1302257007064621, 0.06395230442384059, 0.195621342159889, 0.05446037849024865, 0.01892380951164053, 0.25900033613833906, 0.08512089564079126, 0.09733024163873212, 0.035727311917351186, 0.06332222786468172, 0.15558380126758448, 0.1594245412806455, 0.06749973219351231, 0.2066142186995246, 0.14245353870382366, 0.025582563798543654, 0.19667483379249595, 0.0345939190299629, 0.19925756877137638, 0.11667138594009445, 0.18581556905934188, 0.5946709625802837, 0.08233651764548496, 0.059093425196133545, 0.04537941116368811, 0.1740511958811915, 0.06053396585277097, 0.01714173687467298, 0.6704944701206639, 0.060741969592699535, 0.34557929798091114, 0.3178941394766302, 0.16031241313978623, 0.07124361383283961, 0.10185592586550424, 0.03260788269511168, 0.0998968716085547, 0.20261929372653298, 0.14542377465820902, 0.0672881465273847, 0.2023542358841061, 0.1084423933784346, 0.052011154352916485, 0.09640060713322154, 0.13639167994434634, 0.09675973829733277, 0.09162813508118849, 0.07880762042098996, 0.10039672996910805, 0.059566586459487716, 0.08521203753741458, 0.13646532973228873, 0.3566622802993219, 0.047389642717630354, 0.19582097545143204, 0.17700996507833044, 0.14199374964782652, 0.1169712016565701, 0.024647489843492243, 0.03444751434426507, 0.19448209645361653, 0.0340553769878361, 0.08688436651652706, 0.024628189797313876, 0.05787655837627749, 0.13150845605527767, 0.09121636884601375, 0.03417617726923829, 0.11569700840124619, 0.23893125945498675, 0.054483372228659316, 0.2278269148123513, 0.10906734052262129, 0.047500710011519204, 0.21544520086341415, 0.00040405810694467507, 0.3589508004962657, 0.14980022515490674, 0.3146372354789299, 0.024495986175276426, 0.026630827673342364, 0.35942126683822806, 0.07768357912328154, 0.3171507385895626, 0.13861617107136384, 0.2779029316867529, 0.4041795470518199, 0.28711868549821556, 0.19730962550648196, 0.07679142487381409, 0.35688838478400936, 0.1913856315259632, 0.024463627444395616, 0.06610816526237025, 0.09080113062355356, 0.1434448403309943, 0.6302438646658287, 0.014343001163742259, 0.01698404270366559, 0.14958204754767382, 0.06004277776497176, 0.08528620845466271, 0.3037275422778593, 0.012173750204831501, 0.003765750714403399, 0.05191007539082748, 0.026392849005587325, 0.1839909192486874, 0.2522866758989629, 0.1628021077117215, 0.02135892507761608, 0.469309026130749, 0.11888941501654814, 0.15755987984221922, 0.3421512553690018, 0.009630281477486485, 0.042360366693454096, 0.006541744516700486, 0.09279967922751023, 0.16240050743207632, 0.045996944314613014, 0.0414967601344638, 0.2642232621149992, 0.055209958559981176, 0.07574535817351845, 0.09407738172457097, 0.20988217401615822, 0.18800887867357857, 0.10190130444846804, 0.22224217963801385, 0.4103074835137513, 0.025195704873167937, 0.15311237090784333, 0.08470272125912463, 0.0678511816228344, 0.030771250571016154, 0.19288806728638622, 0.2549364263315915, 0.07547453592265735, 0.11027723259172457, 0.48429757943795537, 0.29806557894221813, 0.23973556685840997, 0.1986435772040022, 0.06687396073415876, 0.152688363192958, 0.4766650650758848, 0.3081355920275256, 0.026594778027028643, 0.021989243748765236, 0.0800334109202563, 0.3414359495234645, 0.020829262576401747, 0.2391165074537829, 0.041472848971141694, 0.07892621186330458, 0.04855238257028745, 0.3177060752871201, 0.1726359412169825, 0.19565586476514393, 0.04093398775746657, 0.10044888533062177, 0.17127647634433485, 0.18637295970102455, 0.00945879780716102, 0.3603857365884183, 0.03780688203395272, 0.038126017045134394, 0.05682178026230172, 0.2689796305068945, 0.2474229835471638, 0.14064440805769501, 0.17114222750100788, 0.2222393925502523, 0.05051631798949546, 0.10156429286329777, 0.06470999372248953, 0.0570685906129635, 0.028153207958064745, 0.06727181247686698, 0.15997076414112357, 0.11881292393036551, 0.7388378087186461, 0.33399952257934673, 0.07978859895075892, 0.09095362941846358, 0.05139956379056978, 0.00457287172030891, 0.02464152729897861, 0.0701046215880218, 0.23747664495379459, 0.1639140333097898, 0.09388114098520085, 0.06793960778373802, 0.009240746508833282, 0.16024529247648597, 0.2230682444377209, 0.5181515677674408, 0.020831686919111737, 0.13399226766130345, 0.07959737324111277, 0.052136020919359, 0.16357856661024336, 0.3057575281770413, 0.007084835160464981, 0.09274346017156393, 0.08275937783290371, 0.1508092346773254, 0.2117615239059117, 0.22267482158675858, 0.1314796857592229, 0.168966863413902, 0.2162149570758147, 0.09527365450734938, 0.09024667223136555, 0.048617575101775966, 0.5183952802594438, 0.0031438521790784243, 0.15670428695212815, 0.08844896713539535, 0.18887947019378773, 0.2630011188391061, 0.11926063249449079, 0.40490958426282797, 0.3130744861499573, 0.02658515598471629, 0.1947046695622176, 0.050698935731824255, 0.0643809517729669, 0.24268257536986715, 0.3575223833836918, 0.09045276209131123, 0.2106485842936229, 0.1876304018303522, 0.08655688017012607, 0.06334714038286976, 0.10716260958007646, 0.024494180851650515, 0.20305214427160756, 0.0782081816486321, 0.018916915476465034, 0.22691517066369396, 0.3873298185097759, 0.6396519259812571, 0.1965947303473507, 0.30544053949516925, 0.027612048731217014, 0.06806975073873148, 0.09630342343834386, 0.19115577980763707, 0.08697149215715297, 0.11043897644797136, 0.2125318458231722, 0.13077169321861387, 0.09348755247042921, 0.0489402712341992, 0.054495460369832154, 0.09716729235628377, 0.05269347547873247, 0.03186457083747073, 0.015829594260173656, 0.21346966514853938, 0.18184608447733192, 0.19858813952587032, 0.015811817562072908, 0.053853057071644464, 0.020726464098704777, 0.03384266776060114, 0.1780459060345754, 0.13675745144204143, 0.03384266776060114, 0.36690802879453527, 0.16581631329909735, 0.2298463338677389, 0.09876542819259822, 0.018914263734821458, 0.4534284708893583, 0.0824115887422665, 0.12312895282776248, 0.2679595967396353, 0.2320614131225001, 0.0649569075876123, 0.09537428789799639, 0.2542552240112589, 0.15091170357696584, 0.5968858547330987, 0.011641644618832046, 0.011999734376705864, 0.3189859062678957, 0.6741842008284019, 0.058947966844844865, 0.0731511927147153, 0.10957377920955585, 0.043992812270884564, 0.09913296674341777, 0.40083582006637286, 0.003977664689917734, 0.07924137565121835, 0.09961040102283535, 0.1904384132683621, 0.02128310463832675, 0.32428887288525016, 0.07057892702419051, 0.052972115899623216, 0.14044201572507994, 0.170862945004968, 0.11644772595695665, 0.17237214157796316, 0.12356167974405798, 0.018536441175842352, 0.13730242741794027, 0.026471786842559734, 0.30476601780335133, 0.0527178915941064, 0.15044939863462814, 0.09761353717064779, 0.04736232969783157, 0.2737333217325625, 0.001716660945737433, 0.24990674926526554, 0.13165600451213963, 0.4622096130704551, 0.2684285964381571, 0.16372096822724766, 0.1150401016591677, 0.09063550573211504, 0.003256799793447145, 0.25936691233364245, 0.11377977907079713, 0.08125485177285505, 0.018547293987479115, 0.09190420815519315, 0.08227400767026476, 0.015676387136976624, 0.0027399636024785052, 0.06657411901441944, 0.13502252035180048, 0.02250311602670868, 0.043637937206180026, 0.21644926050622243, 0.14662185553661658, 0.3148439710350638, 0.1301392605862403, 0.5623253916444193, 0.0827288375857124, 0.008186013535641747, 0.060683896207224676, 0.02226480351799854, 0.38959618344905106, 0.1733366263989602, 0.06014263302150906, 0.3085507924546184, 0.44582585654827916, 0.15376601985876326, 0.09262594203106193, 0.16115564161876772, 0.11822074413360356, 0.023101385354109355, 0.12617837701545073, 0.05347085898149303, 0.023567221751929865, 0.14645906375903203, 0.46412442392483527, 0.03069497944766013, 0.07722860664879258, 0.06768818858700892, 0.17080095278539506, 0.036761072064849486, 0.40531014412317506, 0.015251431360900828, 0.07210592067534938, 0.16864441868545074, 0.08971856509846161, 0.45725902475343205, 0.05881180101845343, 0.11279552404215026, 0.37595396373102213, 0.08067589989081074, 0.09448274614570003, 0.009145726730832079, 0.07361314179277445, 0.30971271666767414, 0.30084617567843525, 0.027194341649119234, 0.05580116723892561, 0.11333968546923189, 0.043377447145443684, 0.024314500694496703, 0.14548634673370303, 0.04804059152020479, 0.0760927306151444, 0.11011145832180216, 0.09495551386990504, 0.25270480017493835, 0.05912618885941291, 0.3826741284092978, 0.11809364898606406, 0.049626524463790456, 0.07715482817995983, 0.007176735339940034, 0.273681150868087, 0.06293240171633913, 0.023986489648614287, 0.4574342538441968, 0.4535367114967795, 0.0843368354920913, 0.0029119081204612386, 0.06726530655315505, 0.13429766805631907, 0.15354790568720209, 0.007665814450930063, 0.0177060032966001, 0.050735141922978046, 0.22765253362666865, 0.04928305174014999, 0.4484582887308787, 0.3515112835073813, 0.0627792436600923, 0.03208919236812907, 0.1888742966827427, 0.13821213685309072, 0.04431187222079504, 0.050160903986780025, 0.0033161313670945713, 0.20549509584712264, 0.22010021255092582, 0.35992183459819665, 0.1617623932448172, 0.02862254987722582, 0.4486628164122726, 0.0714704232191428, 0.05742819990353453, 0.1543510912155463, 0.061503571591532885, 0.07655366642161185, 0.050765303922028486, 0.2908507098051192, 0.1678765145189156, 0.09732698083386582, 0.12596712459009812, 0.06137543016029008, 0.024988274121401647, 0.2211544436964979, 0.15466457726571903, 0.051955945081677675, 0.08500673343913151, 0.2276911357940668, 0.28482603104122994, 0.035482210866380696, 0.1528188523448303, 0.024284779877539492, 0.018463014231580036, 0.22893668104394246, 0.09840748617631737, 0.29197852502452204, 0.14599482728611068, 0.054005233538634644, 0.113541051122503, 0.27824064344927996, 0.06751901032438187, 0.12042723194108185, 0.14137036640606412, 0.07695863002012002, 0.08202443791942177, 0.0037120967262410263, 0.1375989259553239, 0.040285030173705945, 0.05607762773043551, 0.527767849315505, 0.20214744125270143, 0.041185986152677934, 0.22030079445274284, 0.16608536982790392, 0.5632542294358577, 0.47371374193739985, 0.22513317184909168, 0.2361624446100689, 0.04280244376552206, 0.018104615962898158, 0.18396221513609914, 0.13656024195324976, 0.04137102948188751, 0.0813842531920052, 0.23123084846198505, 0.007900484458006025, 0.34947126308753335, 0.05739856361721302, 0.14785696144137203, 0.08613232169925336, 0.3910336671943358, 0.7117282296052669, 0.14546607742668125, 0.31608863317576225, 0.06329583725483384, 0.6084558397490563, 0.07095153636122165, 0.42854264615706195, 0.09439318053249132, 0.0019562879982719748, 0.04706469725348151, 0.15596245764345992, 0.1940355653734348, 0.15408234125445167, 0.3029747949234695, 0.1550632229266896, 0.015364313000496701, 0.0422178597440994, 0.032562992590831924, 0.20450447418114592, 0.056537032520215996, 0.12473805731822546, 0.04455572040239896, 0.08100917360338071, 0.4859528273140161, 0.13669522540808002, 0.16472527197596792, 0.12264244157623928, 0.09387567365028934, 0.28745601720931063, 0.062005385228979165, 0.11107479311143088, 0.16297184076921992, 0.05589158756398166, 0.07383627581788373, 0.09737894343628603, 0.20888116831335807, 0.04767150468805212, 0.500809651842467, 0.08448651956714699, 0.14642201015011785, 0.1929879083383289, 0.0913918609383821, 0.3609918728500541, 0.0018332797901811939, 0.27891167511039533, 0.12270657564166246, 0.16731348288407874, 0.14982448767397188, 0.032001090711806866, 0.3907966994313287, 0.14307549577290962, 1.037072024515734, 0.39062863661600394, 0.07886193435298901, 0.28397133533367724, 0.08641735324601069, 0.18323753428230213, 0.8198263806438119, 0.3518106553651031, 0.03187137674520187, 0.40006251711155005, 0.0019910502688343045, 0.0703827212361443, 0.015703277728448314, 0.010534984629127844, 0.23015177492479935, 0.04697846705831238, 0.14695723854689108, 0.0020694878957923115, 0.0040647134539959565, 0.22472192055102086, 0.15858849894081886, 0.03951735102594906, 0.15187020878266339, 0.1848893614645771, 0.6695393712126578, 0.3728226672743786, 0.005818430530205337, 0.06988870190751932, 0.19788208237198937, 0.21164794877248858, 0.7266816059398816, 0.24867378436975018, 0.18950765275282208, 0.14319533994771783, 0.169690167728079, 0.1663402471284811, 0.21722929159144347, 0.030996415752152576, 0.06444669657342916, 0.02876631766630367, 0.06377566207321286, 0.136391059558207, 0.1085493436744676, 0.030463023165323917, 0.36342474169679495, 0.32371504462249723, 0.03240622162751353, 0.3719578447314041, 0.1310081566336457, 0.03537686475444339, 0.2937826954224543, 0.09898387736978005, 0.14071050359155116, 0.19832765867286037, 0.031632495385386865, 0.019473182552084533, 0.03089962067214779, 0.09212314104131607, 0.18595356027236237, 0.1214603620555467, 0.01703809869321369, 0.42580945975932893, 0.22986154952281346, 0.06871793946006122, 0.07097137710730224, 0.6982156590190338, 0.08007050053623595, 0.13006082994745896, 0.07854319868497539, 0.04282904737836041, 0.160276584878163, 0.045861881373376996, 0.07099146696887625, 0.13232547571671577, 0.7217512712820959, 0.026567144314149978, 0.5110431873514272, 0.21926529504285885, 0.18858400350846782, 0.3239664710476871, 0.4779418488670999, 0.1585134855253556, 0.1314863551306576, 0.6054660090149097, 0.36737227224368557, 0.16111202677474126, 0.18621137180589947, 0.32537804425850636, 0.4656113498423193, 0.2030397388569783, 0.2632974687159852, 0.33521452172129845, 0.11255796899562748, 0.010921805251830003, 0.10617171776018614, 0.05135001939856551, 0.23021930534493945, 0.08446651612379176, 0.15961942142730287, 0.09647469068050513, 0.14088810088653164, 0.21688569273339464, 0.10720754891135853, 0.004838040650452074, 0.222119416461364, 0.21759365958470542, 0.3774227897736582, 0.024204892674169632, 0.01808231423314968, 0.012245041635832843, 0.03478495125803497, 0.03540781369295747, 0.06395141585787445, 0.2956225239692291, 0.007986517904220777, 0.2084507646976598, 0.022873219095173425, 0.14656102281524236, 0.025973672110102042, 0.15814518919313428, 0.17130893246172663, 0.23169828630325834, 0.1007492953085085, 0.0178531659893227, 0.2947632938994751, 0.4622711002497678, 0.4314089972286552, 0.5902604888147148, 0.30016618606067647, 0.019270678871545304, 0.1806767157912176, 0.03080391873030591, 0.16321838284242923, 0.12332681191467439, 0.044567580705201004, 0.047332485900845926, 0.433149473624575, 0.3544822298553759, 0.012991666087186868, 0.09045529941976715, 0.4532288550073678, 0.03652668944458311, 0.4781627591090294, 0.06668981158052681, 0.1591417668313641, 0.00867718450313367, 0.01477601338099459, 0.22304630754236907, 0.1035976396013068, 0.09387244587925475, 0.12174017445154467, 0.08354582792363967, 0.19570876407545418, 0.026650078285466873, 0.5478533084711897, 0.013650977273294946, 1.014682881910828, 0.5039943509355219, 0.03217882617487146, 0.24682666121255267, 0.02897669090533393, 0.6533783303606285, 0.2771782060197645, 0.03139518183392497, 0.01797479640462467, 0.032065098058694834, 0.26733486457047684, 0.1732686607345977, 0.051987370390573905, 0.3754870440381644, 0.04929852383950574, 0.04990192057848525, 0.09077808271099969, 0.019333492620138913, 0.12434793457490942, 0.0734358812697722, 0.08629364282557794, 0.12937810872904648, 0.06756674834824308, 0.10139932879783387, 0.038380865452421635, 0.09607696140591165, 0.1839648638146989, 0.016368171460727398, 0.28340081999442057, 0.2591667952880827, 0.10108735162032474, 0.23723297311734182, 0.07805069207037404, 0.1138275816566697, 0.04491675646299877, 0.0022530361514597843, 0.04604681723155819, 0.32437287802471376, 0.010237595738980962, 0.359096607031461, 0.051952596599224084, 1.0336193226490706, 0.2421560568535917, 0.16346267844241777, 0.10619499910655539, 0.00732916333219725, 0.05675792629903641, 0.07861600297248417, 0.31746570226060616, 0.3063912218143666, 0.08281648292059941, 0.2722723686799065, 0.32261696156802705, 0.08036857048729537, 0.14291475348566895, 0.19490916362612404, 0.31506515465588464, 0.03164845461635782, 0.2596930097106518, 0.3960738324577065, 0.6013604712611701, 0.035228212300151676, 0.014875272311941176, 0.3257251912540941, 0.19657797302205385, 0.266762356681566, 0.24521038916803534, 0.24400775605972197, 0.15487648600706488, 0.22308993333449129, 0.10232032445372333, 0.10237343733389564, 0.5567789473820329, 0.0864062263761819, 0.1625507885249069, 0.36493010873354625, 0.10094724553262874, 0.006855551671707574, 0.10113307562638932, 0.13005801168019418, 0.005077431061270583, 0.51819750029085, 0.09387542178146124, 0.045037528363974205, 0.1440041640135949, 0.06605120284915632, 0.33885918205503424, 0.1034535760731678, 0.0081782702621666, 0.1428699556998819, 0.12981409145864178, 0.029214137678639993, 0.03262192193994918, 0.5904173203362655, 0.08628030155513795, 0.0017054091657321571, 0.09675123932004555, 0.2370866737414965, 0.040129111440632775, 0.15294478776915596, 0.0031135926004167, 0.22540466031457976, 0.18384477961135642, 0.032153061254827434, 0.15582446303686037, 0.02051904819510148, 0.12533321052720284, 0.02045924348966609, 0.055272593568457935, 0.10582293050276761, 0.08447752059716206, 0.08405827914710817, 0.011615311739381158, 0.48416654503675094, 0.346604806852162, 0.014880379768138382, 0.630716583406389, 0.03809466778090113, 0.1395464764106055, 0.05796558778034128, 0.012112308978408825, 0.08585007346673224, 0.2201950386106197, 0.005007470973531238, 0.03815428460691696, 0.8959165244649478, 0.22357104008812265, 0.011404995592980872, 0.011481722810466345, 0.20438272827043774, 0.1527651443473711, 0.016576851745043933, 0.22876983069633036, 0.4467647196065643, 0.10642501419151848, 2.1204707350136975e-06, 0.005940587090147585, 0.3381329366850262, 0.1584605123966692, 0.08790190752187421, 0.31380368670626263, 0.09377024019420233, 0.3652228085842176, 0.07850277228892959, 0.044959748615412, 0.12828514263838192, 0.15649423892587558, 0.0750800249966547, 0.17628430939781678, 0.3288267171437632, 0.10893262220977601, 0.22549042050358015, 0.04334402329589252, 0.4322525352109675, 0.17679603048771575, 0.06945290089530698, 0.7311372870320353, 0.04045689247804464, 0.6928576333289715, 0.25337101934945344, 0.045836244368104954, 0.4507209297424732, 0.168654520681785, 0.04417288783894907, 0.15788293839362152, 0.06466904513396717, 0.08905774036640586, 0.08325298931285278, 0.21136633639091998, 0.10258067495013452, 0.003909115054982629, 0.3632053082161579, 0.1339060082338333, 0.012822367292931893, 0.04267680030878569, 0.11159381980278847, 0.07801078053851036, 0.08018337820166732, 0.10034957033252447, 0.06986349588624693, 0.19145564025733847, 0.1491612197154267, 0.3193254386556891, 0.09098403811254399, 0.03718538234465603, 0.3143947348860855, 0.038087967425647296, 0.15946770877760674, 1.1783307579149294, 0.17219647693014647, 0.36103530293874436, 0.789107530038477, 0.36892758685298216, 0.06839590891653373, 0.18673906964785197, 0.4662148580277708, 0.08069151381446253, 0.28624587761631126, 0.009896748799557232, 0.27326096818332973, 0.44041084070867587, 0.3071310110244877, 0.254935981215795, 0.3506588564141886, 0.19929041039279163, 0.5702132142808327, 0.030501537440863452, 0.8502633880215482, 0.07343244758577709, 0.1471629598177381, 0.02634590606802762, 0.09503078475132105, 0.46466712065259763, 0.41947106938041684, 0.08688533477381953, 0.09043374258489008, 0.03973393715092541, 0.13241170355576565, 0.45389231198916236, 0.12493700019865339, 0.08137183435304546, 0.28564950506108905, 0.9918944905577315, 0.44426211923150816, 0.5448557648116437, 0.010186301068529791, 0.28265547181448714, 0.5877363994892226, 0.1221046412963066, 0.16042217575591913, 0.03547166463451814, 0.14424777744739112, 0.17056320181128734, 0.08244953408649246, 0.3865417868576788, 0.08310810516332733, 0.08553665819070712, 0.46460392335169226, 0.07024493757524511, 0.18516445321512123, 0.06376729407975451, 0.19552861110030034, 0.37523725262022667, 0.0054285577977125216, 0.4121732721775955, 0.03533706481629927, 0.047915036183718285, 0.4622839807851889, 0.06476355751918357, 0.559478324707932, 0.042998948997248355, 0.04610029474493914, 0.5180152632301532, 0.22233873632903753, 0.19175939845016748, 0.028087031071278978, 0.07281687130387808, 0.2490762877886929, 0.10128473700465278, 0.05041193122292768, 0.3922961462322003, 0.0806635711699035, 0.1748038856124288, 0.11299612692914283, 0.2311431105065845, 0.29400038523181077, 0.017552134105946797, 0.041951764551081, 0.03988164708591399, 0.043548420844354695, 0.281579710168001, 0.1507118977495447, 0.056180307377910826, 0.17953315769306114, 0.053706068394784555, 0.14155282749536655, 0.18377996350961223, 0.08737075123916016, 0.35693364696415164, 0.16932001533096436, 0.19794332707961193, 0.021964438567717598, 0.039312127016848795, 0.027929845241068948, 0.07998576475191654, 0.29914168103237376, 0.13800588720220436, 0.15721370056739892, 0.15271824513184346, 0.02134225525644826, 0.06550812242289038, 0.056357898620073746, 0.08670208244491151, 0.5932773334191437, 0.10416971179627244, 0.18034972338245261, 0.24800737125282532, 0.03799298406684407, 0.07850620741844794, 0.2881685695193206, 0.01509780073755368, 0.25329631439731426, 0.3509040086375121, 0.12036005628398808, 0.9944657663806672, 0.07837002047911121, 0.05457339140139658, 0.8470921802705997, 0.015382796631708558, 0.4321015686395618, 0.028041924265502016, 0.0759145665642649, 0.005460535011636527, 0.09246937070634735, 0.043972115390098335, 0.009310209056610275, 0.05598737220343536, 0.5152666176025001, 0.43162702428227195, 0.06475068759274984, 0.13019701580046986, 0.252446779966875, 0.008481249370637229, 0.6162545132562711, 0.03618246902940044, 0.23024726810575052, 0.2044693940021564, 0.03863603143833991, 0.12264749463681071, 0.01807804986039909, 0.06198017354662635, 0.0627447060294979, 0.07957844729187138, 0.028764869966288676, 0.19167756476489906, 0.0001404737106664592, 0.14764974760157884, 0.06365681746296462, 0.12732334106725557, 0.1308460494183438, 0.12664344430766553, 0.04099938663702801, 0.16574317616414283, 0.22172704774023635, 0.10045714828042034, 0.1343710712540104, 0.02244715747659865, 0.2593892153851891, 0.04286034371862559, 1.1827101051825948, 0.14490543431993333, 0.0680673485370912, 0.17606930380744285, 0.044142676636776707, 1.179393240737027, 0.20050877590766886, 0.5463251270274508, 0.14205190261691192, 0.020236526989643948, 0.18426905665501594, 0.05974492863613307, 0.060454465680188335, 0.39254903938378777, 0.48855977379568377, 0.09450533944916381, 0.024017567513097384, 0.1243204137655055, 0.7549717568069173, 0.06358570931995856, 0.2911313627119976, 0.24892314752638256, 0.22338426224330415, 0.1775689739183799, 0.15274270535798262, 0.5408775272457143, 0.16686288724504694, 0.41301394305836764, 0.19021763006825618, 0.5942037801851822, 0.3412880107943912, 0.5781226783749043, 0.10368600490106405, 0.04603343853605612, 0.2064726510398894, 0.2549752412172856, 1.3769947746855946, 0.011893090070899203, 0.15111818778905847, 0.5142724187476103, 0.25551037494994255, 0.13955800536666244, 0.11108199599822834, 0.1636270520954089, 0.02224112745482993, 0.11605382850558929, 0.1464680905827819, 0.2616630784630677, 0.05222249588916131, 0.567018409188865, 0.3853220152806298, 0.10764252294530763, 0.5864124405180058, 0.07493321702282228, 0.3748072388817762, 0.8568903413621194, 0.0916529491436444, 0.08502368516551347, 0.08524709316336199, 0.5170030953820052, 0.24967957981291505, 0.19664643419945352, 0.05428573564693472, 0.03814579604468095, 0.36107014487034306, 0.2681461860881893, 0.2321841199826787, 0.17205233233603445, 0.7603440148597882, 0.013540893919745466, 0.008816686683748218, 0.17227919266829442, 0.04644944588882296, 0.17143911183005092, 0.37151065073768974, 1.038173789737197, 0.18030825277012563, 0.3067551793277056, 0.1463304006607719, 0.33175696874391114, 0.5057822178089201, 0.006342844087299514, 0.4764080982414637, 0.6181105559757221, 0.2657904215186836, 0.15392620725292105, 0.018006141113892624, 0.22180846619378586, 0.14619990490422904, 0.10789792497819582, 0.7242356578063084, 0.023734783161078053, 0.3602949809321537, 0.7527983976762627, 0.19230526818542676, 0.2381682798308419, 0.5070331234787027, 0.3451327405718414, 0.12402890002573326, 0.27971362347058043, 0.040312011698840224, 0.43996283339734854, 0.3940709218247601, 0.06799429782839847, 0.16577760631936753, 1.0388617966283202, 0.33572233533588214, 0.04435054401071671, 0.06839830682930848, 0.307717115627926, 0.240216226420507, 0.13693889058241515, 0.14191718969247935, 0.270829204993718, 0.12583581710144778, 0.950649830513578, 0.09759332458039077, 0.35992597735377097, 0.26354490991647983, 0.26968741655573564, 1.0003918774932836, 0.012499852111563714, 0.266958872192615, 0.167425629265282, 0.16276420308046877, 0.2052499389928236, 0.49671061078207934, 0.048827075197919165, 0.282510772304378, 0.4256144182093558, 0.13583708968414335, 0.35377970713059914, 0.005624680598805154, 0.10404126978187947, 0.29974775876179527, 0.0678865142423586, 0.010312584092844038, 0.5523203103147301, 0.08303906950985339, 0.15156889610344562, 0.10195887120540618, 0.2508904723755345, 0.24318675694806924, 0.03501705987575442, 0.04785664050763215, 0.4076303050563075, 0.6069708616649029, 0.292065784084991, 0.19613157595493524, 0.162744397276995, 0.0027194391975152786, 0.2388795385137862, 0.11541508893662168, 0.06245696448248337, 0.2382863590813112, 0.0680905765015013, 0.2834311051006961, 0.009512268856041194, 0.189717539708015, 0.5869454829374395, 0.4488322689418437, 0.014752530622148471, 0.485146223993499, 0.15230845503294216, 0.030149510072107217, 0.5339094722394052, 0.08181512528622341, 0.23532522225874025, 0.21516603699453246, 0.0002616543866739893, 0.4365832228923313, 0.2762275844213336, 0.035831289868070895, 0.014663548540357738, 0.1417304599458294, 0.7743195880283393, 0.419728185312903, 0.14574562918995426, 0.1001922261209735, 0.04875549927815714, 0.20193382703905213, 0.44347218989491677, 0.2969433754014034, 0.019154561792651764, 0.10630655914007967, 0.17186926243636935, 0.06445862443435556, 0.009082104148616273, 0.303876522141435, 0.2446907562361415, 0.1385572424622106, 0.35585270882890346, 0.9506349264198212, 0.22039567031515736, 0.4767030538307968, 0.19754889813179655, 0.2703563529784605, 0.5057947803126218, 0.09312329663842632, 0.27878684740395765, 0.4961129983991328, 0.30551925636858823, 0.12638307696861117, 0.3736425602656693, 0.21882334662579248, 1.1157404886551707, 0.08781654706188576, 0.18775272199377613, 0.1115004748351047, 0.006673181404932401, 0.03283293139703596, 0.19915006791285733, 0.3109763398253003, 0.3853535362217985, 0.1879325776689353, 0.2891763669610254, 0.3942199584623091, 0.2558661815087147, 0.036570568290200854, 0.16415954313901215, 0.15079374137897494, 0.0267684936421149, 0.1213182259408729, 0.15071845853898136, 0.23331448095881302, 0.14954097385670784, 1.0549790582011, 0.06089576107052396, 0.16047373533149284, 0.19872816160089965, 0.3693299452580973, 0.07142629527700821, 0.10992519510720876, 0.1094557893653158, 0.07780574477480263, 0.0416082212413932, 0.30069513276588433, 0.5037641093305725, 1.0861742100042424, 0.28338027867504256, 0.08433081810572184, 0.7169937409028828, 0.051266682858774205, 0.0609620701575996, 0.6050855428484825, 0.4045189350867373, 0.04199541501443117, 0.17469766209043175, 0.622771794298533, 0.01001340825026426, 0.033359839644218854, 0.1864928681048528, 0.13045725631512625, 0.40853746019649556, 0.2900096691963599, 0.2371010283063842, 0.3685777564542873, 0.15630535591509934, 0.19357271879633087, 0.006116800388644865, 0.06645785905233735, 0.2520958854575036, 0.2270882933213245, 0.1478514709087096, 0.03434122305375317, 0.14385195830389785, 0.0031409558660070967, 0.0607837139246329, 0.20618261096504747, 1.5241433483227729, 0.26776706105088743, 0.18547920141967447, 0.2945556805507705, 0.0906957600182479, 0.12127396810104879, 0.06203178897919271, 0.03986961583452855, 0.10730761529057478, 0.007160568574744327, 0.04577612814841917, 0.1535711765840346, 0.08541805132200124, 0.11543464505056221, 0.07141230202979487, 0.36764485012759024, 0.3604195717847019, 0.05492302890555537, 0.2957531230834095, 0.03045800077483862, 0.04950041507707228, 0.05814933183887499, 0.05302174348879794, 0.06599349933308721, 0.0746204116231495, 0.37905381662737453, 0.3635743325916141, 0.12081737526955942, 0.14508310115903192, 0.2247846756702217, 0.13747651865440147, 0.0457503825774092, 0.2933089837661357, 0.008410143153702976, 0.20597909798743794, 0.08484897377104406, 0.2749354062082505, 0.009832042587977114, 0.24012350268615035, 0.22219364899526226, 0.4131120245058672, 0.02111373769378851, 0.2403838560982946, 0.4279665228066097, 0.13267177827577173, 0.5534415103391146, 0.8655081056502665, 0.668239230762187, 0.07585073740995861, 0.1872955536307437, 0.07028510251931896, 1.1810256375668864, 0.16922801206450133, 0.31911405189391073, 0.2730248590613183, 0.0440922675570344, 0.3968387885241815, 0.24952240894661443, 0.06418618031277853, 0.1100633545436539, 0.010781312509861649, 0.13957642430484238, 0.04554169842346036, 0.03373715412479883, 0.03767547711359068, 0.04225727172993705, 0.0757344339880163, 0.04873378473425545, 0.09084263957058694, 0.04554169842346036, 0.15593782185767288, 1.1201091912232848, 0.17837044094385293, 0.05130091283705686, 1.15306594740635, 0.018177454730101784, 0.796204216163634, 0.9071821329384119, 0.24720112375635456, 0.11363740029985019, 0.16374170028201776, 0.052363432246322734, 0.004837621791664693, 0.04014420555008924, 0.043674503461127535, 0.014397090425737169, 0.40258294803951883, 0.4780802300103785, 0.06891215064002204, 0.33646222454801156, 0.12007706733219473, 0.1588354014947272, 0.14742571824036468, 0.48654155902240215, 0.607038557673867, 0.6834264183289165, 0.5424956712151642, 0.44062100523851655, 0.0072157617680725225, 0.123006726320456, 0.06229751218336135, 0.7103004093298706, 0.6478197761233772, 0.512987811401905, 0.32170197024928593, 1.3390818560158344, 0.24817881344808637, 0.49438776279000224, 0.016275146016502734, 0.07434848436052163, 0.17846106936420392, 0.4882075643868896, 0.335389242828901, 0.23161044290786395, 0.4577685240981372, 0.1524092290369506, 0.3461763846501123, 0.6693851545955872, 0.7791554896409966, 0.09556756196630191, 0.5300579724407178, 0.27215227961008476, 0.3801748255819324, 0.2876391721247525, 0.13946637680019214, 0.020968218852735816, 0.01939091019887162, 0.10561453155049012, 0.2565232672070075, 0.3225633894629106, 0.2047312003133152, 0.16832934736275465, 0.41107383087824967, 0.04989651962997948, 0.08286726559016683, 0.43440140615833855, 0.025241309953101337, 0.050207874609061634, 1.0985302724063466, 0.09311951115935449, 0.8899193648142357, 0.12449198409492063, 0.2288845214692972, 0.2506489523253578, 0.613485384536194, 0.09312353002124363, 0.21836936056647352, 0.06249269356036604, 0.4713842836564755, 0.36805387853697374, 0.023871681816229916, 0.4619913931329791, 0.6245874452628287, 0.14544484697029425, 0.6899885505397398, 0.3247771332784626, 0.32825781051729597, 0.00860140736949569, 0.8910824381854836, 0.016539109056944862, 0.952087671477607, 0.025848080586145836, 0.10466775563800414, 0.043297485162240155, 0.01781084798464989, 0.06352555663209175, 0.37111339682438615, 0.01541112412934616, 0.16764932406382343, 0.08737785666647042, 0.15751565745690893, 0.4081922107433623, 0.248364724126357, 0.18662634551820428, 0.0622155113251012, 0.41945580368267166, 0.3762605939209373, 0.5874606235021582, 0.11008686331478304, 0.4178708932376094, 0.07186495020226596, 0.3017255369177459, 0.04398864346373102, 0.07506612701568907, 0.031120329151021305, 0.3482658704075652, 0.011070606066280252, 0.004448259651190099, 0.05295672938650956, 0.47137861353556965, 0.05948017739940662, 0.1536827752347198, 0.048729649479554896, 0.055150264890347696, 0.1224139546660569, 0.6435762065820866, 0.354064538689072, 0.06918191558592744, 0.3663712490417771, 0.3627130988956509, 0.00886944246159579, 0.01035041539088228, 0.07311624556395775, 0.008359298243825426, 0.0007311628152711516, 0.41390107755172434, 0.25997129004473524, 0.3933106935674491, 0.3686504393617802, 0.1291459625787072, 0.16558662179856215, 0.31619765046061066, 0.24540450908324207, 0.025848573975082424, 0.12143432414717018, 0.07608599859696194, 0.2878034478586134, 0.6272572005668922, 0.8984835251129751, 0.19712415891421156, 0.8960202715468504, 0.04717968054115037, 0.1927098124786857, 0.24010238732897154, 0.009538234161093517, 0.06837979607110221, 1.2894943465527275, 0.22225243522676913, 0.015279058656912403, 0.1296646990713052, 0.3304230693852157, 0.07712634658395873, 0.9489286807511551, 0.6008100177051726, 0.6029294841496087, 0.32786021807815685, 0.09959824524457743, 0.013286426750952676, 0.646417743460075, 0.15688584842120015, 0.43073976936762265, 0.8188490803085315, 1.1018543401627772, 0.09082950502716798, 0.32138435840107504, 0.25939173452309977, 0.8880050621244837, 0.2268902022088981, 0.012299806661189584, 1.5318553938104478, 0.317389403646752, 0.09628751184613668, 0.664029372226688, 0.5957838004822499, 0.5949053650314696, 0.502732988974711, 0.19777473369802023, 0.18086320826171864, 0.1936058471828376, 0.7935685901711343, 0.2532964395402248, 0.2660668646992271, 0.394052166384264, 0.2959693556279974, 0.9978480296880821, 0.48096778006669594, 0.11988030463702203, 0.6289220385341885, 0.6499445886171219, 0.24196132786412855, 0.1366628761035883, 0.8399716961982193, 0.16424994150075803, 0.21784202776069148, 0.07286129293683279, 0.580768760615301, 0.051428776647964816, 0.19930469812706392, 0.0947937268124825, 0.1921784351614017, 0.05305369881411751, 0.2570609475226168, 0.43089194582231866, 0.004502067401836936, 0.12039548843684157, 0.284001665548028, 0.08593736107594162, 0.116587904214053, 0.5108885327160579, 0.5080452936452294, 0.27826062670769725, 0.6866551245542755, 0.29885015440285867, 0.2069026455638359, 0.7097844742774997, 0.1336010104288805, 0.005291611696450258, 1.0381862245436557, 0.40872693824602696, 0.3066600488439002, 0.30043865335226744, 0.533371248344489, 0.3178514225264999, 0.2298503007665909, 0.22510424079889085, 0.1408597409335837, 0.3882971537709796, 0.37149783382671936, 0.0772801689876513, 0.39153823914625197, 0.06443411114344329, 0.2653493223602282, 0.2175533744224884, 0.0029099127215037055, 0.02724165078404251, 0.15343643641152302, 0.15022004789432733, 0.27345864280145377, 0.3460687998276913, 2.161945200744575, 0.26349171326747967, 0.3059598162534556, 0.025344122554765723, 0.1553770684859453, 0.48740508349505646, 0.0550504668496903, 0.17363106609882467, 0.4245112636403245, 0.14166022730070627, 0.16483008052614176, 0.19315679274046674, 0.09613702389577654, 1.1227143237030495, 0.09796934703384437, 0.1935393470979437, 0.9063603570320484, 0.47823361445144846, 0.35684004677708137, 0.04271096629560742, 0.05581149821311262, 0.706839645767743, 0.21623626926674794, 0.6978016728132028, 0.2777814185102537, 0.05109336052812096, 0.38557570525815815, 0.005075417911616954, 0.3891768321657172, 0.095074320327633, 0.5075117706618117, 0.36963843958716874, 0.4393997415833239, 0.005424153171283182, 0.1539969456851568, 1.662145054661678, 0.1926835383240397, 0.27117601232028476, 0.217992751093694, 0.2930144984817838, 0.6025211916648405, 0.02190692637552665, 0.2410905460429063, 0.34494656808699814, 1.6766653928027626, 0.3535722260969362, 0.24948066480558195, 0.22362905646845224, 0.20296974380731905, 0.18523664698476577, 0.3087118867888427, 0.1367689356424536, 0.3437822529188613, 0.04962380245816739, 0.4065461425099076, 0.15987799459284383, 0.08040583012282765, 0.3346054465286431, 0.3112226629822413, 0.6612475265992586, 1.3912588755610287, 0.6249029535667643, 1.8298700729084696, 0.05520613177343342, 0.07208009221116814, 0.177288864617347, 1.030808377466986, 0.5990891719055165, 0.8618889741780245, 0.1910919580348505, 0.48419822038432975, 0.2875821755878463, 0.08697235521728451, 0.2240817613589597, 1.1382317060469775, 0.4108916488466816, 1.7538235965646924, 0.10492753665427444, 0.05718654601033813, 1.330097661454605, 0.16765086986032943, 0.18646522826005607, 0.6501964545038742, 0.17619682733897513, 0.012625209458071364, 0.3888749084982292, 0.6174500651621938, 0.20508582237656886, 0.49456993596209003, 0.5468753731915749, 0.17624187090359775, 0.38614562096217775, 0.7788838951783641, 0.6010219804885297, 0.5677849642313362, 0.13308947888800918, 0.3086684351077612, 0.5143710839618515, 1.0145894750836588, 0.8887932061778161, 0.8223206106664178, 0.4449091156765368, 0.15884729356058108, 0.10058800619275621, 0.6586384408694175, 0.33586581330409726, 0.6535826308460578, 0.3215695360636641, 0.5674506591368925, 0.40429939228183304, 0.15513126121697246, 0.0657090094687008, 0.02092305802251373, 0.1943728479134552, 0.4596900524616053, 0.19302931906433568, 0.21261980997359278, 0.6547583430412938, 0.3518262118901695, 0.23535663394649925, 1.0207691882422472, 0.03110583859035477, 0.4491158017473641, 0.28790382264547953, 1.288553299126812, 0.08321375704646936, 1.0823136440577816, 0.21221779956738815, 0.19039999855949374, 0.542547714966825, 0.22270842614663658, 0.08830838672169954, 0.26251548810079567, 1.347794651368067, 0.5931140172677037, 0.3178568855246404, 0.22155669224932506, 1.2193354791195479, 0.527949732681187, 0.042662927716790686, 0.5897754313582192, 0.5189629533452975, 0.9992803055170983, 1.6854674909339586, 0.10952961786197157, 0.26849015363497786, 1.1909962673207712, 2.220261748119391, 0.6116813538756869, 0.3026443832230302, 0.9943518959237012, 0.04184598175416208, 0.5913435411069887, 0.6620839581291411, 0.4204734988276464, 0.0696351266542923, 0.32655808643930145, 0.2542403421732426, 0.042669354217980036, 0.4291475768237277, 0.3720662845641781, 1.1936635039299768, 0.05235992489929574, 0.07524175257720334, 0.18868992492477504, 0.18150230552448146, 0.10572349495178889, 0.22891096505763986, 0.49692420473996246, 0.3181531165007521, 0.38984148767249355, 0.9148259279145832, 1.7257931356243135, 0.8311691755175402, 1.2620760873682937, 0.14055201158220107, 1.0448974948126972, 0.935822740361536, 0.2116088405091577, 0.020405639567499214, 0.9716124758748544, 0.307578446124303, 0.10324025159965453, 0.8295105657797762, 0.07213858250908366, 0.5472347276562787, 0.16792403849699375, 0.4294085134025885, 0.43783001863517573, 0.11778321368380298, 0.6258689721607053, 0.5038505193394766, 0.07419832555040323, 0.5376680686566074, 0.4766249294066612, 0.17025825097917677, 0.20805033166951298, 0.3145683927821521, 0.09254763322105107, 0.29912687085831313, 0.14973668989711228, 0.31995845979391885, 0.21676324001286412, 0.04726888988312, 0.6897038783815761, 0.22542035013547482, 0.30516255596350983, 0.0256451449795775, 0.1346202512755191, 0.31181783880439057, 0.012169008572883746, 0.000412911909277493, 0.44135231107395867, 0.12654587204977688, 0.15941054563795465, 0.3629389304796404, 0.11099895881273182, 0.21203464637571, 0.3834307791576193, 0.1820766577023506, 0.1568285764080136, 0.12692412430950642, 0.295179635881369, 0.667967077639019, 0.04319078099094603, 0.5654917012732815, 0.00209303751023576, 0.8700672759662342, 0.2001112843940868, 0.2616414859533505, 0.16308497387047255, 0.018448048411721225, 0.05095230050952255, 0.5112623234771131, 0.11561373733246134, 0.5621176910496204, 0.06883433035201446, 0.9251864134419764, 0.05480945002014886, 0.10663686622524676, 0.08116910636845659, 0.7158117234785641, 0.32965555581641004, 1.7121573653085633, 0.3285341594061229, 0.07192204913396527, 0.04656911101361538, 0.16450091780737802, 0.584518537060223, 0.5635860888875414, 0.07358610422457347, 0.6280805357592368, 0.19611794924336487, 0.5403576990222909, 0.10689775430086687, 0.9041238515683586, 0.1519509350129792, 0.08029979243250378, 0.304722826074019, 0.08765248738195952, 0.10248961412759068, 0.20174548692031852, 0.6080167726799167, 0.5520199080895531, 0.40320647458361397, 0.08016212889067956, 0.6507380322786604, 0.3097930351540771, 0.15893592865521983, 0.18589274785901216, 0.02643847815193298, 0.3063176849816498, 0.05441449749059587, 0.6013531035864242, 0.5905949467956946, 0.06134614785451308, 0.8942600326800233, 0.630066253597761, 0.2342187121470095, 0.4056815546407405, 1.0084601318625657, 0.13096948176319198, 0.19999208097604232, 0.11277530036553947, 0.6286636171793325, 0.4296463051367365, 0.06909728092894923, 0.6552287405238724, 0.06274786183786547, 0.06494985281771412, 0.12914952606427346, 0.1515840790746779, 0.12885405683523454, 0.5470089246267054, 0.34505532458001925, 0.21278609267494775, 0.3376421740801371, 0.13758543025998718, 0.0917982534598286, 0.022134049851214744, 0.6363165274557582, 0.23815801808120546, 0.05769215563349027, 0.029171055359685987, 0.07749635228296664, 0.065395200011267, 0.555597567087703, 1.013188574571184, 0.014299107911727203, 0.3307961320636579, 0.053463772884333884, 0.3836876107912496, 0.9216265540610544, 0.1491086917363496, 0.6055767702171045, 0.07464683668984455, 0.022287794054884017, 0.1294777795591756, 0.37053375101537067, 0.009170680850839769, 0.3464130328103551, 0.08252446138348643, 0.07999591666979314, 0.39261158824526726, 0.00021311479330841877, 0.27800630428929574, 0.2609255182713988, 0.4694494167534623, 0.3272373411326165, 0.3767420924338724, 0.15501791521228653, 0.6078751814636681, 0.029054543707758382, 0.1732482796652154, 0.04420569824152155, 0.007234973395117439, 0.6666234806959792, 0.38266780184769866, 0.21450019016337604, 0.08110446656623388, 0.9704040352388875, 0.08294870662884216, 0.5905841163496617, 0.1409578546362124, 0.19445500297522125, 0.03053950737610315, 0.48714611711422795, 0.35044039945821126, 0.20778544970189536, 0.48089648246072025, 0.13243510082646942, 1.0313009505141515, 0.033751067523788356, 0.14368438403565786, 0.1683936899788052, 0.1914134072649234, 0.145497282341637, 0.34694855244404255, 0.10270175894470787, 0.120653200521521, 0.14396741331261784, 0.0642907466876305, 0.07505493532936809, 0.22672738508658574, 0.1625986798441039, 0.015296279174695993, 0.16818726224757755, 0.058809597093150846, 0.012154503874759496, 0.37270805239513477, 0.1578269846869342, 0.6353068588602936, 0.7543739644762213, 0.38038864579681353, 0.7024035422181966, 0.4651084287748484, 0.09371587745255221, 0.11566078903166072, 0.043194446941773566, 0.1631675441565675, 0.026717570290879757, 0.6871603417932427, 0.014316554657585663, 0.1599788746824812, 0.1218964002335493, 0.31200211172807046, 0.13890805919438695, 0.025000096820557892, 0.42385026670585574, 0.31998419940347334, 0.27545603358035275, 0.006701179216347461, 0.1116790551029998, 0.007033443447492409, 0.1149916358680384, 0.06529265859630923, 0.06519069469831147, 0.14913491192533526, 0.052022040008684114, 0.23876535952720276, 0.06369743692580764, 0.017675250852910194, 0.06519069469831147, 1.1418139858424872, 0.21295083501243803, 0.07885443332501496, 0.1671435863922834, 0.30142297874126367, 0.4988349767120622, 0.0661841277227644, 0.020449288713773914, 0.7539174375797298, 0.30979985130514137, 0.25072071725672745, 0.022134888696175557, 0.9821666153119353, 0.09476554441128772, 0.3779074884096415, 0.014777279403171667, 0.43659962076443365, 0.13778605749408354, 0.256728774249944, 0.009130573783076681, 0.04965307339382035, 0.6294079214074833, 0.09285743297384373, 0.016651864918056734, 0.16325488291066836, 0.5275505907388304, 0.3811287240699652, 0.08415018943142745, 1.020788706541514, 0.009295594484599698, 0.3705742867586633, 0.18839387654094347, 0.04746152030881608, 0.008456773017750722, 0.9158064129207956, 0.09446408196355031, 0.1205690721550005, 0.006519180828482672, 0.25298136588643155, 0.32674035970809917, 0.12068678444210039, 0.26275736659544546, 0.6067725243917871, 0.0745243570742439, 0.07049309191116213, 0.0561578852233862, 0.006845398167655619, 0.33693993008644924, 0.04259131286967494, 0.3299879876602159, 0.015091947071948237, 0.012030633884459642, 0.13434160304574277, 0.0339120575341452, 0.6970188422266741, 0.03284037507963421, 0.012114551179412587, 0.007439779562939562, 0.48620483603075265, 0.0531534780189563, 0.26210541760531164, 0.46558052746075634, 0.6547865090926996, 0.3976024029456233, 0.04175433692192106, 0.33691387436956344, 0.16316061029474452, 0.003317848009648755, 0.4113382337185243, 0.191857933377011, 0.14069800840164337, 0.008514455074962058, 0.3284608153433942, 0.6143770000208421, 0.4116272447568429, 0.1496194801552429, 0.6561900862641737, 0.22547593075927613, 0.11306806356863465, 0.09041167504532503, 0.04508347352877526, 0.006481103520254585, 0.7854399100072353, 0.02469231849196885, 1.4963995557719483, 1.0251606655970928, 0.2171816476934511, 0.018828761672193942, 0.08746454905301572, 0.3042685745059053, 0.12385733272571765, 0.05609402809994726, 0.14616500900921053, 0.022536568190568117, 0.09997215320783426, 0.09020022675084638, 0.5373075429596229, 0.45489368120849405, 0.298450406150093, 0.4145676518229631, 0.525823599478389, 0.8695420552999559, 0.23802755530761888, 0.13600961998058725, 0.5275038772104885, 0.05755367877859549, 0.3242342178675202, 0.6040189789102275, 0.6413730697167078, 0.5334012344191386, 0.11323600348759767, 0.0001554029496903505, 0.3463413566037802, 0.5865168295201036, 0.10438721161219505, 0.15401357746815778, 0.19717106406370857, 0.40011043012608805, 0.2072818834303425, 0.2020659723881179, 0.09149450756480637, 0.6181860133750349, 0.14132445119391054, 0.04659723141923856, 0.06216554276180246, 0.27207844262411696, 0.05900327255851145, 0.07303991453438816, 0.030834604577745135, 0.4075174679337573, 0.014886366745246276, 0.1571807326330635, 0.017413269993882034, 0.30374890136773236, 0.2637471659814866, 0.05282053933994572, 0.10155528257240279, 0.1345759853747777, 0.5754870147451199, 0.02169660370211029, 0.22244002810901226, 0.319337938862935, 0.1454185025325041, 0.2433112221390551, 0.03708344467412032, 0.189231448509999, 0.04952020226879693, 0.01826332948663017, 0.026108773770135082, 0.16477352079144877, 0.5493597026398058, 0.337099722621775, 0.6685332371286495, 0.1421294401031067, 0.06456237025462919, 0.007494995093092392, 0.6976409953410887, 0.23535639198284694, 0.40458228270991237, 0.4062821700283725, 0.4758655631653511, 0.07054229606826697, 0.0995413926189637, 0.008076652391184219, 0.40282262126019897, 0.03551342403730193, 0.5414046436352319, 0.18471466883777465, 0.4949335225829151, 0.06622732030992816, 0.07112660778761418, 0.16651691955248424, 0.07372838127884652, 0.06989642486859826, 0.4437693268387415, 0.02266670817117837, 0.24136728998973137, 0.20629868989912734, 1.181974096622006, 0.23980300396558646, 0.0644027909610272, 0.043545933881644634, 0.08900128534699313, 0.03211972793125683, 0.21044560966952267, 0.7725654754989706, 0.207156557374411, 0.2059629322421419, 0.10389762959049356, 0.10432775562638044, 0.055442486638906927, 0.29835141877821314, 0.1812030629604198, 0.31751693563448014, 0.1853037537168337, 0.0036068936472736465, 0.3757083894867546, 0.10416981835066053, 0.12030295909819726, 0.06160104941482908, 0.36394458947419805, 0.09081825538085876, 0.2378125300176432, 0.1383694968743103, 0.15113423117224817, 0.5501772332057298, 0.1774183401954656, 0.05802004086854628, 0.0717471198363837, 0.6540051225259939, 0.42049626764152737, 0.3628609363734884, 0.07759197803021978, 0.09938099702691396, 0.4960984975552539, 0.7972071356897069, 0.43653630494924317, 0.07574962897096595, 0.41752378024553705, 0.16000674237198126, 0.05385609622745524, 0.024439542803702325, 0.021871353270940204, 0.886370835480067, 0.04525012177822449, 0.9505196678454586, 0.0001436148557125726, 0.4703131882120499, 0.050857625907244824, 0.20224857968976556, 0.2537954186338995, 0.22589668445736638, 0.3148217141311512, 0.4996168732094717, 0.3824906904937129, 0.7178212732204985, 0.03378749824909865, 0.3606544531356813, 0.17059816186645205, 0.4226270407082507, 0.28814417399165915, 0.6427440648226241, 0.028306616670365544, 0.17599666392487281, 0.7599256539772947, 0.5131330786293798, 0.4463280387345445, 0.7046646104122087, 0.7982423670942024, 0.4380037738175609, 1.0391110468380615, 0.498819253256366, 0.021454617628801808, 0.10993785535346957, 0.1622747949359121, 0.6751661673061125, 0.0896113697151934, 0.044683827023192096, 0.1111137642590746, 0.09647139738454204, 0.9224609678538476, 0.4569297432554254, 0.40213405986559775, 0.02338514669790774, 0.07525555848408451, 0.06073668958604507, 1.132901148374226, 0.5795085207473119, 0.03512206542629657, 0.4095480910957015, 0.0714171614531176, 0.4724482812416035, 0.7623720476274586, 0.2831113425933014, 0.32600713825602534, 0.2308248766292818, 0.24191898078651272, 0.31263940707168836, 0.01039933128279668, 0.414154311423241, 0.39713036097473453, 0.319808967974826, 0.44339034178373543, 0.6669572122363785, 1.112855584956556, 0.12572740677331798, 0.2857701889535319, 0.18781792344137846, 0.16603963627334062, 0.17238348541638696, 0.15284566554072063, 0.3339684404737928, 0.3428434906142093, 1.0328070779798246, 0.15935439773781918, 0.29646292127807894, 0.6214012762271891, 0.21033607237911073, 0.08482619609284098, 0.1723429177307516, 0.3958992096810115, 0.032362818381973274, 0.12748396536675846, 0.49711415786964686, 0.1273702079429588, 0.5265333245553686, 0.467528604582402, 0.6675860352953719, 0.5759790036695289, 0.2856993916269553, 0.6194289076616232, 1.2301297052895883, 2.0469104495477146, 0.7071481527603399, 0.5352579382230142, 0.12266966655802299, 0.29582409860149866, 0.21839719668288657, 0.4606169425341347, 0.3391667270641881, 0.2977834728779251, 0.2763518378549102, 0.6154844989180315, 0.7441337364331996, 0.2768037157183094, 0.3558458611391179, 0.5619151536189053, 0.038570017332293635, 0.33217816353321705, 0.11491293388188564, 0.2629349315994841, 0.23919153565641477, 0.165228842316397, 0.20880149367074188, 0.05843105345505035, 0.14074525109597544, 1.1085356190555318, 0.5438357513119184, 1.3345955151052529, 0.5745246711687739, 0.008142159208796703, 0.7221646166850015, 0.21824669220153975, 0.18726436129991256, 0.24716534432505202, 0.7323215146232087, 0.4889343344652285, 0.5831865033982223, 0.31329770573423343, 0.0740897449067091, 0.27572644883899444, 0.11096756105153877, 0.14613490464646162, 0.324113635410235, 0.1596483084992065, 0.08058244547080606, 0.1962300456367873, 0.5254933672112106, 0.07401344073938455, 0.1599009723959135, 0.6272526133090903, 0.3459259647893361, 0.3968915132897279, 0.2524144191448764, 0.6319976828357585, 0.2938271371461866, 0.6198057445896478, 0.11009614794669755, 0.22540015391050136, 0.07460760544379594, 0.6964664290114527, 0.4466994987164884, 1.1020466268315825, 0.5927532909512121, 0.062025412753316515, 0.10055809520604185, 1.234614877546625, 0.10016720658138928, 0.5671172907092765, 0.12706866578020967, 0.45366593056567084, 0.23734783321183983, 0.1150586895182602, 0.5387292244615829, 0.017987912060632927, 0.06042005592428728, 0.5311326665002974, 0.08631248266727247, 1.1955996200121382, 0.2023174338259837, 0.5291532496928486, 0.22768499865219502, 0.08933561599910593, 0.23845013714714705, 0.6667368271268804, 0.6604183135824147, 0.04122408105966459, 0.6120500236859486, 0.07381763405576333, 0.03692654125685563, 0.09737767143059146, 0.35008156339986796, 0.2227117707932544, 0.26044911331042814, 0.5552779609942434, 0.07267356527142162, 0.08268177873249391, 0.1286648773116985, 0.05541086412125437, 1.139066544304394, 0.16104197698966258, 0.03697522088191881, 0.19380752937543305, 0.11686255400891546, 0.7863828843124203, 0.16085523283340833, 0.1983808647757539, 0.24428427158702562, 0.04471808075432265, 0.5391642866019548, 0.04437882296785422, 0.05069950158309842, 0.014264142584717612, 0.2639975282446779, 0.09181957163208591, 0.04963903759015123, 0.21345387549613404, 0.31337213354821725, 0.1587091784661019, 0.06683424079083619, 0.0189684571909064, 0.0077291201620642395, 0.11387671866272245, 0.7551530122701456, 0.9650727555736561, 0.21879107660016642, 0.016345709825064482, 0.0434997707667259, 0.034153062826578894, 0.0183763592813291, 0.042958761229404015, 0.282939886382474, 0.28630571261102483, 0.18701113309729792, 0.3398316737068089, 0.08576888607591615, 0.18409103177575428, 0.11607134585213436, 0.39676928147927737, 0.6455696751731251, 0.5436751750799232, 0.028343166287367803, 0.23124970161574207, 0.7013349422137612, 0.013711462866751145, 0.022136541298278196, 0.2787425623675419, 0.04427116669319309, 0.6357346303819028, 0.09775871170774411, 0.1200913489142111, 0.09531816665766377, 0.09775871170774411, 0.3252019632378547, 0.9374779782525127, 0.059143502478570927, 0.1230801794245255, 0.00919522475204994, 0.04872263987803592, 0.5704060399544619, 0.3199639523541669, 0.1103816917953428, 0.9691759785232839, 0.2347384492849504, 0.3666241015538156, 0.42495846292694023, 0.17535627617620259, 1.0511939908604482, 0.8015461635792439, 0.27478863499443634, 0.0748117961760419, 0.17698111080213116, 0.6831242032827347, 0.6172461293714787, 0.23976854231094286, 0.03246281385661177, 0.6021704763264814, 0.057470726109995804, 1.1813805137796594, 0.16598925828544842, 0.37423993696095886, 0.17315375564559016, 0.7262764566757017, 0.5605135137012306, 0.1554864916832505, 0.3468351190761432, 0.3238908840154572, 0.5476796343890258, 0.3045920855455266, 0.543743363396218, 0.42163333109040274, 0.2642101416924574, 0.07940314572822231, 0.07528257629474937, 0.30393476204434217, 0.7242624744561768, 0.24329966187041877, 0.37367946155142645, 0.21417766533634722, 0.09440846794151612, 1.2828751527427877, 0.18337403822505566, 0.22954388242369508, 0.06751467737525295, 0.45924567528671695, 0.28474590515382303, 0.400187518638658, 0.35088997715921794, 0.1668394313569163, 0.09955041972357241, 0.8383380018391696, 0.07033067708384327, 0.4324973884430207, 0.4928100901559373, 0.2322936357123075, 0.732470838615027, 0.028236117427303583, 0.10519512917938328, 0.20960782436419226, 0.11712772391597515, 0.21198171734396037, 0.13441337409314177, 0.348681571147199, 0.07964220927850281, 0.024371686978037068, 0.4373455348066242, 0.5245987768952721, 0.08470206136024631, 0.05370088040771029, 0.45689366073779475, 0.20415782635908047, 1.2762110271851865, 0.12658373109144863, 0.9550337285112289, 0.8543941675716633, 0.02797778053380721, 0.4257702978352295, 0.3574988346472224, 0.13614452424969187, 0.04177837380454373, 0.48228494276581807, 0.06696491176210834, 0.47729837994184365, 0.1487386775271426, 0.1352699501115569, 0.06526374355210122, 0.6289598202836876, 1.1008762248910537, 0.5336142693038529, 0.2800862591403398, 0.2944050176027097, 0.009138714328152378, 0.08735104899957162, 0.10898536074795595, 0.32328386383266583, 0.05871781445911828, 0.5925866366535723, 0.04312005466447677, 0.6228441934974707, 0.019433405211745636, 0.09090686113605553, 0.4640722522225377, 1.0412887307712837, 0.12229504123334374, 0.19393687190747091, 0.30765386669953, 0.21487932053548842, 0.00287066707479047, 0.05491421854626134, 0.19856101512533733, 0.30482512879664025, 0.3335050135343118, 0.1491485244894872, 0.1839362174562772, 1.1133546619060848, 0.28365345974673845, 0.008079039759665995, 0.18560350222760968, 0.2915941617812489, 0.32452273691073846, 0.1298805880629743, 0.07552623451296726, 0.10439318430850301, 0.2607576341243789, 0.22947614964677096, 0.15063018563242, 0.17001555704133212, 0.011087473070214312, 0.10353632168278792, 0.008556329598769986, 0.3788547428732543, 0.43427639715638305, 0.16414588600483693, 0.04496438594302976, 0.1522116774256567, 0.17127856499189367, 0.057046989751381644, 0.12531405596958287, 0.42854571921564083, 0.2293380846378231, 0.09293073960272559, 0.6189941027395998, 1.236836121158507, 0.3538128632649294, 0.1996513632341382, 0.3907807205300226, 0.2503809139089608, 0.8423454252108437, 0.6785666409056672, 0.3827461453689621, 0.06697045858813386, 0.14093513358517598, 0.026833740184021154, 0.1521752379431311, 1.0632864708520793, 0.40145500364904735, 0.40122685362562566, 0.01256941042055855, 0.1296385140102798, 0.038443334228664694, 0.17943700638504076, 0.1501507629714877, 0.09947082780118055, 0.06489915142348704, 0.3789273002742787, 0.5763270909847495, 0.27908973339543464, 0.5439675589389336, 0.08522821221928605, 0.7722649305373172, 0.5020213352991074, 0.08377500145291533, 1.5773277561647858, 0.610745145044089, 0.6260284873327608, 0.48942938534381525, 0.20922899264999928, 0.07850178320703252, 0.05035065273482538, 0.13773132084407633, 0.37207098115761084, 0.517356863133587, 0.24174201519453428, 0.12478830552215847, 0.11156741299704735, 0.1247538435790466, 0.2006247806158333, 0.19526423119827824, 0.11932515216489624, 0.6536685675502245, 0.12879559225965437, 0.49960456736637, 1.2352510271163588, 0.39323712740532296, 0.367118424661863, 0.10835068458864724, 0.00449645238947117, 0.3083285388591003, 0.21406961220286283, 0.33448532179716683, 0.37249408893367947, 0.17225456036851136, 0.5458623507536705, 0.280898359333865, 0.3579836191829851, 0.17273467830025405, 1.5404964234699692, 0.12226275276441377, 0.24986006194698643, 0.7088711635200398, 0.5363618155611842, 0.6943976135725515, 0.38354069691022485, 0.4830700051846955, 0.004656514426053065, 0.14978660393284923, 0.3958082595931547, 0.1510243709164222, 0.20665616907177226, 0.42774439448848534, 0.46376205705165474, 0.39375690621484677, 0.37300727035106385, 0.11358279741449323, 0.12988988828791484, 0.11992854517669863, 0.1452464796183111, 0.11210661669579161, 0.5174340705073456, 0.9527134461077786, 0.10336989450865593, 0.0498377608373263, 0.15364539613714084, 0.27717830503589186, 0.2953470305753019, 0.04559591917495342, 1.0874189477786662, 0.44916469553852234, 0.33051627399310424, 0.7773500319716121, 0.03529635767018909, 0.012156386887675435, 0.11213577404559948, 0.11987802786048282, 0.3157919038620238, 0.04509645658300397, 0.3632874634690942, 0.48364341097157515, 0.07193690149099356, 0.14045716252784546, 0.09656341249967228, 0.032042273892328055, 0.13341337243548235, 0.12982437319032517, 0.4464941526081106, 0.005884415616979386, 0.42149378132316545, 0.11894371852640505, 0.01193590443580929, 0.7348022866290251, 0.23554696001399636, 0.6745351804716435, 0.21608474054024446, 0.8220707200666499, 0.28813306294685487, 0.0950913951351009, 0.19016585171131986, 0.029754194465839094, 0.7518173391156897, 0.4010115812186713, 0.1701166797615731, 0.33809590892595703, 0.05515118235625425, 0.7629833548206676, 0.7387779408194856, 0.2115560599258051, 0.10437516916147561, 0.35588952978549204, 0.6850337603778036, 0.20646947124218565, 0.16704454492184667, 0.10749982626601813, 0.22976065993683292, 0.1793940308705192, 0.5602848316325505, 0.551884954973964, 1.176409008018325, 0.02798091630649261, 0.15623904367042998, 0.34342101208417913, 0.21528093650499183, 0.01705967503161605, 0.5665802981367383, 0.19626229412118656, 0.44984490833231944, 0.3144446783021057, 0.2974978128791295, 1.4802555349536177, 0.15531489341270668, 0.13416372019300515, 1.121817777676168, 1.0335250379906915, 0.28673310747737146, 0.13917925347137028, 0.13659947607416603, 0.4114334121988558, 0.4512021745108385, 0.4286210397452687, 0.5717463319290675, 0.06853660327864167, 0.27117568802692554, 0.22065435790977478, 0.07915405778543122, 0.7854238080360583, 0.05287442941137207, 0.6783835024010755, 0.2981726337933542, 0.33745811636413486, 0.10960674265424153, 0.14872555644871857, 0.39084357784784884, 0.40689328971756017, 0.15217494742381277, 0.3030461979079453, 0.16987730901672926, 0.11758246179549631, 0.11075824646422132, 0.04535686762899642, 0.28581153393241526, 0.6898172463337475, 0.08506662906500284, 0.302710315344661, 0.3815148222843858, 0.0015747215275062078, 0.3410024316780842, 0.11555651781639711, 0.15060080458748293, 0.671608819746074, 1.6559104575068464, 0.37727849780146316, 0.32158500257588585, 0.4821331972994552, 0.38418512943297106, 0.316881555215114, 0.0013741062499495254, 0.2679249161773178, 0.03460353675719131, 0.4508982955967181, 0.3244423354612909, 0.3510932061444893, 0.6316262969868158, 0.4988805926477283, 0.23340656663635587, 0.08673568952522263, 0.28103572765163354, 0.9643051741402732, 1.046456315500765, 0.4846189087526976, 0.44051374096614954, 0.26242559134397825, 0.055870903158273776, 0.1749114542263255, 0.3630017267157251, 0.39486990278965184, 0.3172274594654812, 0.903980821235328, 0.1328859568076618, 0.002882658669540926, 0.08680515549954748, 0.3879268395238603, 0.5958207556926548, 0.7568459189151812, 0.0457984373453073, 0.15939136548483915, 0.2018327696479764, 0.08463633943309436, 0.006958493253410562, 0.02316975759291007, 0.18084252249606453, 0.1438191426572697, 0.027579258901090753, 0.25886922875768076, 0.28535014441443957, 0.014324354818809058, 1.1009092762858173, 0.7289737676343954, 1.1941004128365507, 0.14862879651666935, 0.004083267351326316, 0.37576172012872133, 0.23881749541625838, 0.03609270948674685, 0.12583211091021906, 0.8278121188451639, 0.05409565890775924, 0.6605049380968779, 0.042270806187029934, 0.2374072535683494, 0.32078877476593065, 0.417159900489553, 0.003938907972118771, 0.02143964422018614, 0.2969716730524159, 0.3507915626347062, 0.10848253817427199, 0.3044309318673648, 0.030237887620875835, 0.08041960816592532, 0.6603895747445684, 0.046574499924086576, 0.6324736465686543, 0.6835521911124218, 1.098401535018982, 0.9809419822692865, 0.4055273379408467, 1.0149782317737743, 0.5374911219555092, 1.3462489585031687, 0.23916263165830223, 0.6299861642811577, 0.03146610055485379, 0.49928795774162565, 0.15132771351610774, 0.04228916359706253, 0.05003413275601018, 0.06548164517218413, 0.6899412942419908, 0.5207754648276283, 0.03202569801739981, 0.06687144598548914, 0.1491436151872147, 0.25994243856092447, 0.111890787404862, 0.09019280708169566, 0.002120221182801275, 0.5746122009611515, 0.763820562824242, 0.4688900479498396, 0.14097334788497395, 0.20406024889350655, 0.17285437507437118, 0.051384223952645636, 0.2056707758199596, 0.7703346796799277, 0.04681790526789569, 1.6703841391003724, 0.21140653005042676, 0.8349589098548722, 0.2680514224903175, 0.2953471768210642, 0.338533382599972, 0.2425688611148637, 0.7474690124107181, 0.20826372250875322, 0.16783148244835625, 0.8012274390920557, 0.9180407311299835, 0.13929027680057252, 0.03399538048438409, 0.058855130193424636, 0.027722478451551374, 0.21615427268629847, 0.09188704175893345, 0.25873951451226485, 0.21725501274423367, 0.24210729818878707, 0.4193735273834181, 0.22544710118748412, 0.09181144599082154, 2.0885903794653675, 0.4051530428822673, 0.39600198982089047, 0.4010372361381178, 0.36895778818616204, 0.01450441895897373, 0.7919424851879397, 0.13046513698977236, 0.008473612724368399, 0.24342480244938008, 0.03401759112021923, 0.22682347521713056, 0.1398268805691774, 0.17052535434574403, 0.10078282256332284, 0.31305455768474505, 0.01844658839587894, 0.24326815899663207, 0.5953084911134596, 0.4678870211094503, 0.6876439304929973, 0.04315327289488574, 0.011948101001362262, 0.22505016765585922, 0.23813372792176124, 0.49725057286469443, 0.2938864657477772, 0.11212474003263573, 0.18057263447073446, 0.3956491679145924, 0.9105494875921609, 1.1937677811605503, 0.0401278051834667, 0.24365871233142344, 0.05342914522474173, 0.3571527460486972, 0.35700490870265894, 0.5633347491993117, 0.017580047056029374, 0.035957808847671094, 0.4399961573062468, 0.41983313656448257, 0.12853186750605783, 1.0704069766314506, 0.10549176713236966, 0.34638709789602606, 0.9057342371282392, 0.6076967975326837, 0.24214920293517636, 0.0429939646863121, 0.1914603723247282, 0.35832636810666774, 0.028310974857385443, 0.1354530065979636, 0.3716119530135666, 0.3815939989170833, 0.2743254285199043, 0.17288284118575678, 0.5184782065059148, 0.18271182712576, 0.08784560622022598, 0.08348718178614746, 0.22383172862216838, 0.08385151648937626, 1.3877973869460785, 0.8644388220322461, 0.11381925207951672, 0.5462228457023974, 0.3537003700933977, 0.8771855590480888, 0.9195627781977541, 0.2789528143630119, 0.0012913154204134349, 0.34071476760522734, 0.7253143540108176, 0.22447959838211803, 0.41139577765284874, 2.7078538500790037, 0.5150368156568764, 0.044974950170075766, 0.1632822262677764, 0.07532316717232095, 0.2360556870037334, 0.597124773867878, 0.3560972937991048, 0.10813745033924409, 0.06465598677718712, 0.03983394561782662, 0.08203790709717174, 0.67763728153354, 1.1044948913408128, 0.22197337213453522, 0.4475468274862938, 0.10699208357723192, 0.8369043212312881, 0.01539468124757275, 0.14296756564624294, 0.8774890464298056, 0.4663753384887346, 2.484480585093075, 0.40056659507984266, 0.7346290397987826, 0.28419840010660835, 1.1329912436376552, 0.48158190370453346, 0.184253915101279, 0.3035247861719168, 0.8307888777804019, 0.1621832095794991, 0.12192897486533658, 0.4889463924941774, 0.7609331280239671, 0.5060567763065078, 0.009119609160472303, 1.0375829131403866, 0.03220289364864586, 0.6368186260008, 0.3409399439419467, 0.4764722222129928, 0.18060886203716772, 0.11078663441040133, 0.08850900528157653, 0.25171945065717954, 0.3662854123168127, 0.29137405173626474, 0.7651770970805909, 0.5381471568537575, 0.3950000550802825, 0.06495979069057621, 0.22778119076647926, 0.0903639259539148, 0.35512519928831066, 0.14881625463886528, 0.8441698250733254, 0.18123898722977672, 0.0649000582046528, 1.1264118757197676, 0.032961608759438286, 0.021554715592808686, 0.7095524380202072, 0.03806314707478107, 0.5399874514346448, 0.6595377844100344, 0.1044364779558613, 0.47427032667164976, 1.5538918098659702, 0.4245133631941748, 0.08516430421643303, 0.4527559227079815, 0.28949449482662926, 0.31321249278579816, 0.32534000385424194, 0.4249794836214154, 0.7681905309994536, 0.1831494364465699, 1.3074750995451485, 1.7493617604353633, 0.42181826365970915, 0.21748028359075414, 0.04336445505737808, 0.450798880637303, 1.0092386954813994, 0.34926870572293484, 0.0114860038173423, 0.9501858147732315, 0.15729340974841538, 0.01535610495586376, 0.058287318834203634, 0.45535143682579776, 0.023806641931765987, 0.43440790810389973, 1.1984803270717228, 0.14762937144531452, 0.027971928931452308, 0.03340270465055391, 1.331926790187011, 0.31031869576893145, 0.004380946697459829, 0.09730304613734286, 0.008090582474817365, 0.40063911131698543, 0.047055522453771696, 0.26148959263288535, 0.6003960694623749, 0.14814881142054032, 0.937366466105559, 0.11900581768843242, 0.9881259694300675, 0.20487631575549545, 0.08963807821938698, 0.19929742915036913, 1.1986674332727958, 0.22433164466201833, 0.11428591249902453, 0.2176856092306652, 0.36307508307307457, 1.0978972811017305, 0.024826108586875468, 0.008486651606695136, 0.04948482689553265, 0.32744745009070825, 1.0599899784023277, 0.1790460531315548, 0.6960665822923618, 0.09072623647025185, 0.2877321310327052, 0.026888393933631096, 0.02928466291358146, 0.4154159497762168, 0.10543683522992595, 0.16287525175125198, 0.2036131165177311, 0.17065672716651908, 0.2791410776430536, 0.13025390721521843, 1.7426992986931973, 0.46906172638816396, 0.40658122674485253, 1.1951405532018637, 0.40355028666712206, 0.14541819114267276, 0.45508637633039384, 0.054235955039924566, 0.2917171454270462, 0.638339555992109, 0.027543643047760767, 0.33661792228305226, 0.4366514322991654, 0.26258949532461906, 0.037867292037165906, 0.22157727949698863, 0.18788611930070048, 0.6579896368205111, 0.5439921793374131, 0.13698457260774466, 0.3470740326129663, 1.6325300983217288, 0.07663421185639924, 0.3993672911470329, 0.9820112424201911, 0.24029338143984935, 0.22995452660803797, 0.5176189414392145, 0.08994087611872875, 0.2529376386532788, 0.011845035746354315, 0.09033474193480408, 0.6216601887526906, 1.7125769673937132, 0.11078109659349619, 0.28508362658882513, 0.08348913993744268, 0.052563635687434565, 0.1557879339194432, 0.40227017879531474, 0.026012401778836763, 0.7505757351883436, 0.11336651021515634, 0.04827392060505907, 0.11483867623993749, 0.35516272113203184, 1.3285962028874891, 0.3715086600942867, 0.09778940988862851, 0.909665003176432, 0.09629661477332326, 0.3264961924594129, 0.07513035938438742, 0.20883639306203572, 0.09053284550075474, 0.20576152314463161, 0.30257618421956783, 0.2694044627692358, 0.1628417912933855, 0.30434925277696334, 0.1274130674738586, 0.5605797154446115, 0.3627081474289416, 0.06106266433862642, 0.05526008230869941, 0.19454642248939638, 0.08553209754234303, 0.30168984741372523, 0.9793879609671758, 0.11503448674961674, 0.238117884390681, 0.06185175145204873, 0.8008804757065421, 0.3441113526383641, 1.1378592989151948, 0.4741033286575374, 1.0809764781070157, 0.32759092872545337, 0.5943036810835419, 0.6032004884391675, 0.1994125538278773, 0.21597068706641048, 0.6575275633537458, 0.017262277638400044, 0.13578635819604293, 0.18057668048089898, 0.28004688808669936, 0.0557315440806756, 0.136759802096871, 0.45057455382671874, 0.18960963463858138, 0.25913430943898474, 0.3686621383336128, 0.08783175309286316, 0.09104544847269457, 0.31396306487514963, 0.24682258827777578, 0.08745333835971399, 0.1665922718610991, 0.41093450415038857, 0.025744153121199067, 0.5645093304279578, 0.30211561553796235, 0.09025248357801305, 0.008428162174433687, 0.42038300572188947, 0.31018776041059165, 0.08588498337349766, 1.101548080587908, 0.22897378984564581, 0.07685025690403577, 0.38003807773039494, 0.15554112093881164, 0.6396473097158242, 0.7916652892470719, 0.12302346296022573, 0.028291804626297226, 0.13749514098453244, 0.3319533778629324, 0.10642183340212659, 0.4003568182772907, 0.2243823342168979, 0.480920757158685, 0.07144947408219854, 0.029155225298603538, 0.9142035592181482, 1.0100135469915448, 0.23877622397401155, 0.3745240667116946, 0.03152627342308527, 0.6314330198219027, 0.2981680959953219, 0.34715495419688425, 0.12228788151516273, 0.07518083348991728, 0.002540591632222783, 0.04814911661669954, 0.4534719434658976, 0.18716705027716082, 1.1372814613610929, 0.24457445497388433, 0.6080242359572411, 0.3108113044935599, 0.35216667472306756, 0.015773273303071815, 1.227504687744347, 0.9950705585257942, 0.20224529864285062, 1.6201621303115654, 0.024246618150552186, 0.14352522773907683, 0.02869125567478291, 0.018713304489913155, 0.97378494628531, 0.6792999225416687, 0.4620522011238601, 0.44652137485014715, 0.1120179018374332, 0.280978781491583, 0.21597618294421445, 0.5810409767471637, 0.007907167801144484, 0.13741648157814484, 0.3361601718213709, 0.0008607121645458613, 0.0542231404357648, 0.04126504290154721, 0.41704191647904687, 0.01999491253755406, 0.7965795919141551, 0.7264001816200458, 0.18750976270806988, 0.2285256476379605, 0.3193794092233229, 0.14300883460376154, 0.9223761230565465, 0.023350345633594293, 0.9432132996375762, 0.22765358038699315, 0.5951908621574349, 0.5379902865095352, 0.26969573564925, 0.06657870134280744, 0.4533264707117603, 0.2616868945742392, 0.06930379234696156, 0.1782288064854871, 0.010704446836107818, 0.5521005926979953, 0.37306629140769887, 0.4453989647241994, 0.0034211161096793542, 0.4927299478015784, 0.13808863696621304, 0.10008570541145574, 0.8373079223372621, 0.7567483703743738, 0.03544109159893338, 0.5664188659552548, 0.5316295719459752, 0.13547371351965623, 0.2778341426727999, 0.04546068854879434, 0.2779630399437587, 0.1577052059677043, 0.002605238351368168, 0.16735259509740474, 0.12650063878640677, 0.06855610741057853, 0.23865167478842858, 0.8971127932295, 0.2630594257568704, 0.09718087853042398, 0.9462578701391157, 0.06739608553261742, 0.39195584689736696, 0.2061770358861673, 0.043920829612999875, 0.17192314748148707, 0.6732425444115548, 0.7372648242344121, 0.18351522456911312, 0.5632323048602205, 0.2483236058758604, 0.008539062705587576, 0.6301301398006214, 0.7660240875106286, 0.23395619460487224, 0.05627873614990288, 0.07550274458042905, 0.02320215659487739, 0.7552449597485186, 0.6650832292573188, 0.17682002120958001, 0.15137797650736926, 0.2044869479982056, 0.1699676203115052, 0.07223794970066036, 0.36374041073739866, 0.16381013331427413, 0.26168537353664145, 0.22295593231786798, 0.9106377716088492, 0.6327454236327972, 0.34085032095969237, 0.5520036137418758, 0.4073270677125962, 0.242404012296723, 0.2758905165150578, 0.6325899169815039, 0.35883961215357096, 0.4395330900998778, 0.7808486549474316, 0.3437703113002257, 0.137462969480717, 1.007100501990744, 0.3032647137907729, 0.1285826075612272, 0.11411510893681459, 0.1313542731237588, 0.45151500314601045, 0.8823915632660971, 0.9938775208752748, 0.5078530456408086, 0.43055834981771934, 0.0893425027230407, 0.1032209887143323, 0.16562803244942387, 0.22332585284879283, 0.6456567763000073, 0.3043661447639004, 0.29503853041692846, 0.20509758909352896, 0.9885164136428604, 0.7729732739141337, 0.06519479973695955, 0.6807624404318994, 0.45792549384488385, 0.2670990824509694, 0.09643558756047649, 0.17815485091512023, 0.8407036038873128, 0.7572495470293656, 0.6471086512828904, 0.20109573153143162, 0.31817692677827225, 0.538599195178866, 0.52100932642373, 0.6116878601049638, 1.4291940140124897, 0.06732383619100181, 0.08169765842968431, 0.04894051116128002, 0.20517535882479518, 0.23915627973297202, 0.5043386718076728, 0.16330422111052573, 0.4147610289825328, 0.08725359351107051, 0.16511243069128537, 0.9342062712962766, 0.2523364193972666, 0.07971620051912087, 0.061737642795915745, 0.11015606521057857, 0.2942466296190873, 0.07971599603887815, 0.04516212235954918, 0.00019684445480629728, 0.014691461674705015, 0.1222410639738903, 0.2124714961817218, 0.06409952087285117, 0.19614439975944234, 0.15547929576530814, 0.5815042168473599, 0.20102500926256256, 0.075955039534293, 0.08369720835216173, 0.023814570097022095, 0.007176862625077348, 0.2688115235624908, 0.4970252230314409, 0.090609192901664, 0.30380922744273914, 0.1372323220391125, 0.040401107767549745, 0.20681116165954327, 0.29016758954276184, 0.06468152515020247, 0.09261494132849155, 0.04242284111452794, 0.3137739848085745, 0.1460953918939375, 0.06727971464805203, 0.06114390169014435, 0.03368249925496781, 0.08905532522768801, 0.20296788276469893, 0.03338499007287552, 0.0765643232936625, 0.07132653291071109, 0.010495035386206287, 0.056648029874948644, 0.3351662902027978, 0.15591736665238987, 0.012411719298524467, 0.442822159601041, 0.17555800667960034, 0.02420838675972641, 0.2957148279297273, 0.13584192081403226, 0.01672069820487952, 0.2101833522795846, 0.6434844964733035, 0.14227788577838646, 0.1847823096011827, 0.4349711747467283, 0.4507200327412108, 0.0408413112116788, 0.3370008915806676, 0.007926263041864043, 0.16583001827645014, 0.43550855612546013, 0.12085258038070264, 0.08794199679037612, 0.10142952646681408, 0.024259073985643365, 0.029626588702312676, 0.28661021698130934, 0.02967003625349667, 0.29758389102946003, 0.2534355066722239, 0.06114202274280598, 0.725702232043053, 0.08024602845758391, 0.07219758579919247, 0.4360791382775871, 0.06487315173003162, 0.13044881181479331, 0.16103683561530577, 0.059031154669107445, 0.009050444248602655, 0.24800561434384139, 0.06512838806307242, 0.013187648848688413, 0.2878561589587072, 0.013472448836560267, 0.5478739939002415, 0.12927198323534894, 0.018983196767462452, 0.013873072592017992, 0.12143855733921256, 0.07311359718054722, 0.317670082562126, 0.25348314898732627, 0.03342833311224743, 0.48321703407097627, 0.03229894005736133, 0.09984703053387992, 0.4664700137676616, 0.12429693346120999, 0.04862333320004741, 0.01181100470244523, 0.019747834512800797, 0.02668384885079499, 0.09436318573731318, 0.03810555373951715, 0.06738911457382593, 0.21442448990461707, 0.029414031940983035, 0.09060386105457881, 0.10152938953273863, 0.7464020370758309, 0.10551829850180962, 0.22160023932778825, 0.2841703613129215, 0.02274381218860462, 0.11307424415550625, 0.33061145671457665, 0.4188614273638442, 0.13320467888699558, 0.12145199018963923, 0.00234651158064888, 0.0016397943747477083, 0.1717127296456839, 0.024083456585123432, 0.13814503337186734, 0.3691457695860289, 0.08136514607446103, 0.2367841441097923, 0.20958832675316594, 0.03922584629457863, 0.037132047514338, 0.3684573109069705, 0.3158015682336129, 0.49340513898110283, 0.1281934800226918, 0.0013814959566127339, 0.002722816400439852, 0.07061548872667782, 0.26849640475093556, 0.2966199152741418, 0.1483145490500908, 0.18033726418261306, 0.2787561181348739, 0.009196678481405271, 0.10399732403767763, 0.44920567686674245, 0.066709689603184, 0.17624101134607442, 0.16562980165466104, 0.13020441982862146, 0.3660775940603297, 0.035172726410478, 0.32105325063433593, 0.3931546782373002, 0.05973627208600983, 0.27066054769432213, 0.42483639654179417, 0.11849810075601364, 0.3018253922169811, 0.3037847046442812, 0.4765546968034181, 0.07834898891876473, 0.29168271428905296, 0.050203668897449344, 0.058733289911494416, 0.09845683275095651, 0.25048554005693296, 0.4818053524329209, 0.19531595382641867, 0.17980502273515714, 0.1066839422233497, 0.07774098121613432, 0.6422108739004456, 0.06109200751258129, 0.25035090913952474, 0.4987969779161539, 0.30043918847859197, 0.004509970149770821, 0.26334424528940426, 0.15423337331067713, 0.1018034698960765, 0.0977147468724483, 0.10699580318562339, 0.37207291314274715, 0.6241728303105097, 0.4642195592731384, 0.41405753860446515, 0.03145346596864162, 0.037846562370692116, 0.10522976096483129, 0.20786278018102736, 0.2863678093255827, 0.018549733552126507, 0.1457565395507257, 0.10006950260924932, 0.009863024718263232, 0.37871705591226607, 0.06271483283269952, 0.2906930699523149, 0.04701837006510744, 0.06898688583254142, 0.039488417433800424, 0.13207175355175646, 0.29729752612686366, 0.24888504617955218, 0.12733723979835815, 0.18341860898308565, 0.01719783929984172, 0.01838164010372157, 0.030539544388341625, 0.03017802383830943, 0.17530544895071662, 0.7565572346057231, 0.20060470275706574, 0.03650484239266733, 0.0005807224256081552, 0.19057485229915477, 0.0872372415119115, 0.8548737858299031, 0.3339963801900321, 0.09961721742013273, 0.06821012994478445, 0.10362755594203406, 0.18705187004352325, 0.14955269083440872, 0.5334855595222472, 0.08648968237453947, 0.07902294279265713, 0.08069121647782257, 0.29508172787544323, 0.39517539286540154, 0.12680573481712595, 0.11075691024843727, 0.22678358487780417, 0.29660134641258756, 0.43195382248371456, 0.023245673188049203, 0.10294035334329292, 0.6643973696971855, 0.6979946100136507, 0.19607279223980975, 0.3465747033176576, 0.15686474221243604, 0.24750984842971205, 0.4251948579772761, 0.4466510702584688, 0.11351596949391558, 0.17962562249514163, 0.019500557205662582, 0.24265327636373296, 0.14043655306125977, 0.17621279766401263, 0.32762508690971337, 0.02112224958093425, 0.16643702784141334, 0.3493799137068126, 0.059237334948423995, 0.12052587690580235, 0.03605436091309601, 0.07837784656701777, 0.8228228684551276, 0.051621805780496584, 0.49183309343356374, 0.27322215308007974, 0.21968500719079448, 0.005576889952053316, 0.26530199250264747, 0.20981744911799646, 0.12264614281961954, 0.10327608984804405, 0.5642535797743112, 0.38548198762569225, 0.0029455253815627793, 0.1999086373802071, 0.012126647763594471, 0.14518182099353655, 0.03464049623002725, 0.09287388377464886, 0.24832914901210368, 0.030226071281665594, 0.14108001609724674, 0.17885322361311265, 0.4248735830967236, 0.01532345757473036, 0.15224903479465685, 0.008744003557917228, 0.05978690727901727, 0.027508003767051443, 0.3480049577430191, 0.12353289992585453, 0.31435032101878646, 0.7331072830792005, 0.05912276231054019, 0.05385983168386077, 0.1203786123696269, 0.8717788537419531, 0.05253926441818854, 0.020357277000728594, 0.0364155390918181, 0.6276189487115468, 0.08765465672107801, 0.00023457678765814965, 0.12835107400383788, 0.13515690000131075, 0.05383443478333943, 0.48307234312876, 0.2814928000857668, 0.39047118696646266, 0.20976785410384302, 0.4849323430971417, 0.3322914176425579, 0.20341705463707804, 0.08184670676095067, 0.33184338375757033, 0.789932601438848, 0.030463147591433714, 0.4535097652262994, 0.021064616333300364, 0.04640600418664385, 0.940719397425386, 0.12111530988241472, 0.1709773216797696, 0.045389756840123384, 0.06726784104025428, 0.21094372528947708, 0.045389756840123384, 0.08566108524765628, 0.06514527235166484, 0.027813806696349565, 0.02630128972992405, 0.15343728329500542, 0.3451394338391814, 0.39683569506561045, 0.05153788081550867, 9.407915909824892e-05, 0.1407200311253338, 0.5448156620092812, 0.4681496263243959, 0.0005041783431296768, 0.1643986409440818, 0.9587551422301527, 0.07502416558176178, 0.04000029174820323, 0.08296905861467624, 0.14224600146097227, 0.5718448550481485, 0.08048721562884606, 0.479608456457522, 0.23571861361523705, 0.0010791706500447638, 0.15695904579322553, 0.0632509427076542, 0.021613946182243528, 0.07560522017811133, 0.10642086395019368, 0.43378533123537677, 0.1339461062264917, 0.08152302515148989, 0.42547688964888647, 0.21529875662946674, 0.12752915976625662, 0.21181806017062094, 0.376971674997165, 0.2502792684438948, 0.23315560126151913, 0.28230514517273947, 0.275168581776248, 0.23467219444360488, 0.06436219910941886, 0.1213782415514513, 0.11874313505721605, 0.6891987179104552, 0.3106064111979873, 0.22860342150101245, 0.10608143124927394, 0.3436466938630407, 0.10356017729829582, 0.020136025683142846, 0.04273137157602561, 0.3681608119070986, 0.05511883534542938, 0.09832001420724797, 0.03153663985422191, 0.28541989769932513, 0.9098082333481915, 0.28110325078980525, 0.3152318747894303, 0.2485274496280548, 0.020754272096353672, 0.10812528431861737, 0.10933261828722682, 0.4156060028211947, 1.3512354823661477, 0.38014399723100817, 0.20422350185540877, 0.13144577326842385, 0.4327056082668319, 0.454597386817601, 0.011805753842671716, 0.4304884406297339, 0.02953540247508487, 1.6230507921501411, 0.0792436750395331, 0.08499829035184953, 0.0020541947121105906, 0.07058531581364662, 0.052210148771171576, 0.20191028942521616, 0.16411092166525984, 0.09600560344844099, 0.3510485911890749, 0.107118570277245, 0.42504542647576976, 0.21428460179397943, 0.1615481310564653, 0.3210784073361075, 0.08073831146632204, 0.03437425299578064, 0.3250931534768684, 0.11278014040852918, 0.03086024393786268, 0.18450600062964317, 0.013918555791010614, 0.37492699415960085, 0.15355719418972025, 0.011743310868769964, 0.05150852689467935, 0.40434903623568974, 0.051470599598749764, 0.03696986572853736, 1.2649746245549163, 0.6503587937836186, 0.07954708229108186, 0.021112168264905938, 0.07487649521738658, 0.06424822152465583, 0.09971229646859707, 0.24113840321955285, 0.9935191785845391, 0.45121830310548816, 1.281793514651357, 0.0869356112440116, 0.016562128104209834, 0.4536789417581515, 0.39668411676179194, 0.2892020897199961, 0.015912047739958, 0.012611491570817245, 0.011958203934053847, 0.20375921643810746, 0.0018403018952832047, 0.25066608896873066, 0.8578868068408049, 0.15536965187835633, 0.004715221386284239, 0.12143391988035421, 0.13596714232886256, 0.09917335640683096, 0.12835778294291245, 0.16231764363808318, 0.05430893011970816, 0.3389920405894693, 0.3021855554690837, 0.08065459661701237, 0.1840592279016808, 0.09629158454146337, 0.19127657794651096, 0.03310032203592188, 0.05864154904832105, 0.8012299949984754, 0.041796362982300134, 0.011065715644125033, 0.2481663347071976, 0.018911621324809117, 0.27527908744629, 1.297338681689029, 0.07745802417924805, 0.031792131632803346, 0.38829669107823067, 0.0872981715167046, 0.007847161891894085, 0.3921124237593478, 0.2415242240991282, 0.24842797646794715, 0.04013252788060009, 0.022748802487363017, 0.02783393817711751, 1.4687810026222439, 0.08266323194608584, 0.07287485351185609, 0.24991162313874402, 0.045018027952629366, 0.4632224793927262, 0.16932988256043738, 0.793534585696281, 0.3075871603916859, 0.01707996866572494, 0.0012630359511232169, 0.2544308822846363, 0.17553920868143166, 0.046605425641385374, 0.2897916113458213, 0.4418283172514931, 0.10820126148707916, 0.13872500008004596, 0.02348763232272462, 0.45872918314133576, 0.15221286262912967, 0.11140573425589853, 0.013068454052782574, 0.05668248103532436, 0.7043410384029803, 0.2695382448154114, 0.9247383192114812, 0.2614402655716206, 0.12636273282577803, 0.11849804532421185, 0.30628005649870177, 0.2286207901051964, 0.3269058798599955, 0.4538399696156617, 0.06262224772526717, 0.10587560552660064, 0.0403747836393841, 0.7175765414496247, 0.1462083130619077, 0.25246939147879444, 0.005995126850039191, 0.09979404065369583, 0.7329408970939952, 0.15435838046887432, 0.25632917765777125, 0.2530012820668384, 0.3046271633928569, 0.6477647350835049, 0.04203585727089579, 0.1666545479728366, 0.13870044503509968, 0.233389323723967, 0.11423803548210269, 0.07405125636935851, 0.028840679961721617, 0.005257699621752988, 0.9117572709170831, 0.4682632609358566, 0.021858112180682895, 0.0677737716476337, 0.06077853564092928, 0.11670798221011858, 0.27499286884179175, 0.031063760951826093, 0.6116660431428665, 0.5763472104482281, 0.6078492375131439, 0.14745502877172326, 0.3986945417876222, 0.05181756684025143, 0.11320734434315123, 0.3914331162958075, 0.11337064186584006, 0.1942579199035729, 0.10225882477301797, 0.3165054207314476, 0.37846995836274017, 0.031476946952696684, 0.08067466812659788, 0.2512869936836248, 0.32179936189072006, 0.2109727126742972, 0.5221792451617703, 0.12240502887164947, 0.5851119634517454, 0.10863419155101114, 0.21647493985708172, 0.00877244622584293, 0.29748372502866316, 0.10802920224415108, 0.029515105243397097, 0.5914780290168974, 0.3267270882718291, 0.005204756032232509, 0.05267142253951924, 0.3432947390909639, 0.29308100571750795, 0.04779729627927815, 0.8302001233871974, 0.0447670823332648, 0.24191786638009158, 0.10637242288779163, 0.009125353376549215, 0.5284467783087725, 0.29711758081420553, 0.3996869056591559, 0.7175330414750435, 0.18264195511410586, 0.2864232592898412, 0.03599496401097614, 0.1886766952239382, 0.2555536480843866, 0.40219834261015436, 0.15526854801367418, 0.24881448322294433, 0.007595603321461898, 0.13485901367923805, 0.07889216623475043, 0.2811583580237394, 0.0806476705442432, 0.035520152093355406, 0.041198076447463476, 0.461851148614853, 0.06976853588823947, 0.7333063253682625, 0.032696415320388916, 0.015499821856499967, 0.03151084538760893, 0.6510540335180476, 0.07447575663699584, 0.05270751405051613, 0.2223826162212236, 0.3026629852913112, 0.13601526156150942, 0.30509087027689313, 0.7470256537722972, 0.12661401664358113, 0.07953614685128052, 0.21058133825995318, 0.008143858128617145, 0.10872114805876741, 0.20434325672865025, 1.38861293118103, 0.004814115908703557, 0.11380794989155524, 0.37675622407223225, 0.032963345915376425, 0.008895581947304656, 0.05016070120957389, 0.8092618686139302, 0.024246946876740026, 0.36795216105681144, 0.14074933225346606, 0.05345352685846636, 0.07454213556739894, 0.050331677741387346, 0.055037862620268295, 0.25795151206272043, 0.03857474828398569, 0.14368683935397258, 0.10227423575173507, 0.32453232118351305, 0.19371799316324234, 0.1919934720286798, 0.1520563989139932, 0.1182442667922248, 0.03642704587769124, 0.08855377708129568, 0.03710799490128683, 0.6142729696440485, 0.06638077684582266, 0.46681544758857013, 0.3098752935169786, 0.9695961745863296, 0.528503068298407, 0.14123137427784477, 0.20979789990341682, 0.6648550940256036, 0.06299309259189269, 0.10689068573537583, 0.12846266374057538, 0.2212680774698768, 0.7021538909914571, 0.3639717374530862, 1.4574021095200602, 0.7602504989952587, 0.02467534757906722, 0.14692292184800823, 0.20178835187537175, 0.01252092915712818, 0.10299785501878223, 0.38580912162660713, 0.23099501245840104, 0.40606384289637526, 0.22683711216068655, 0.23469578846887035, 0.5556163292743995, 0.13268170011042418, 0.25465528848852154, 0.5105154194595201, 0.021402922418522752, 0.2126752571544968, 0.3079500285025274, 0.03494339199344801, 0.37752702328643595, 0.2621705031143039, 0.9691833627829809, 0.20763363806009405, 0.28095087247405254, 0.006316197580238154, 0.29837282361804174, 0.020853537939850255, 0.012127258919382768, 0.4661782804643331, 0.26222388247316236, 0.03329010564512919, 0.34796637660314667, 0.7521987788673112, 0.15649599280079096, 0.013269011011161484, 0.1080292348608105, 0.7725619725264878, 0.5536023220022113, 0.40231849610607107, 0.5274736353831079, 0.41107892987758055, 0.1882982952617341, 0.025804634467199838, 0.3127717933967725, 0.12357609802987816, 0.1739864584034173, 0.4089845238699465, 0.08667899454641716, 0.424436908703172, 0.8341481967914772, 0.02184803344123882, 0.09999173288741069, 0.026702085300734143, 0.7317672034811167, 0.15997265886906245, 0.43564050921328146, 0.3102971048174387, 0.4539322172926239, 0.13489059698386174, 0.02013610322177456, 0.10750717615081203, 0.05543682971701993, 0.19836171765512337, 0.12935269475086608, 1.0325352578524016, 0.2167277778683399, 0.008642544961654118, 0.1698368039124057, 0.07096592526884196, 0.202480981192279, 0.5272602266042169, 0.022678232584920268, 0.08254798183349776, 0.015544194023734904, 0.9844606573472777, 0.3868946274511594, 0.14439765589835185, 0.18761262415048385, 0.04318046407038336, 0.41049663115046414, 0.015171934390258221, 0.02023404981142601, 0.3036233776492313, 0.8222011050521888, 0.677240467795828, 0.15223537361144054, 0.0369010281327306, 0.4515492392716688, 0.09163261276804094, 0.44826629273918506, 0.06203845903511305, 0.16234521452719838, 0.23982786722675944, 0.035675105686816026, 0.2224319344963879, 0.006922358543647712, 0.1605751945553989, 0.1596982719699353, 0.1308257334218094, 0.08889410829017115, 0.029414487510756697, 0.2930615971417581, 0.31998646157759214, 0.0664338199701766, 0.08386881787843514, 0.7263274730443626, 0.13826826572777004, 0.09041874291833808, 0.2353651817779164, 0.5358932429407776, 0.10091198441134722, 0.028768600628960635, 0.3471186987837844, 0.10629564579158927, 0.32671131022299005, 0.47383202630907606, 0.21417471101837118, 0.18367704250099529, 0.15025514826866357, 0.26006365147310895, 0.6122513054129836, 0.4215666394098341, 0.9422502182498063, 0.26544961663512767, 0.3519679853670241, 0.025825565979356164, 0.05517470998801127, 0.3997922777571117, 0.9716581443842186, 0.13740442441732892, 0.17527856334315667, 0.3058597959248605, 0.014834343731338533, 0.295793742784555, 0.13704178787447607, 0.28156544716746545, 0.19861705787381226, 0.2143049329673564, 0.3447774672784931, 0.19914669599012141, 0.42830163916175806, 0.14376866244959757, 0.1613276308673782, 0.20506485784673972, 0.08476099385885486, 0.542497102009869, 0.3604368877925956, 0.31004058660913125, 0.12016577749611315, 0.18767924285532267, 0.5399076893007834, 0.00041751183770879325, 0.022958221992673836, 0.12280848211071099, 0.20720204555119073, 0.6992495577813426, 0.4175614685630095, 0.21151580170421766, 0.11896027237067039, 0.0461332585398883, 0.16402979860917863, 0.17675301468334847, 0.02885864302746064, 0.7434283164429412, 0.015158392675960699, 0.05577184528130429, 0.1808902006157295, 0.02931509345441451, 0.6607502821326326, 0.4514485843304236, 0.43268076850464143, 0.022575640194351133, 0.3778867057107622, 0.24322194295816285, 0.04326502214380815, 0.14100193477604228, 0.06680614531352484, 0.7616603775264992, 0.28655991787591184, 0.018004392152524088, 0.02250110879086958, 0.27845761193046875, 0.05229277831698029, 0.18230911280803896, 0.06723526356810515, 0.6871452605197453, 0.20748076748699815, 0.03379539216783376, 0.15829711412220596, 0.803869419055224, 0.11582778709570891, 0.05054423147011303, 0.3151545991503971, 0.21020207223783804, 0.23673418812638933, 0.027147955507270224, 0.19259493244245182, 0.19869641888837575, 0.3869113523577013, 0.15586859474341022, 0.15445862779459563, 0.08199777001442134, 0.4643493888292574, 0.2579081829015167, 0.10939001703188989, 0.2101415994810583, 0.02253969021640947, 0.11087578251027534, 0.027492282511939865, 0.00677977709707307, 0.028258772471950407, 0.21685934196544332, 0.06338867221659893, 0.07177701546162306, 0.025029536902133283, 0.3498133698957498, 0.3855281378058939, 0.6414553645941926, 0.6186183349587535, 0.09993120108269421, 0.3784218372299479, 0.0006872801292414663, 0.029552941791253725, 0.11997710415477052, 0.07297951183753991, 0.03427477311799997, 0.3578550192813624, 0.6232481832047467, 0.7625896461725219, 0.3625101610015378, 0.009794033105266789, 0.29748348038346784, 0.6071818895342538, 0.7000162922473561, 0.16079398646645016, 0.6339104182341021, 0.037571640370185004, 0.17916577349231416, 0.20385220628624948, 0.2128384109977016, 0.23307956138922084, 0.12244631874217077, 0.0824456833196381, 0.18902380566064628, 0.3363861360874239, 0.09682967304149905, 0.006572079553993207, 0.022441606346913355, 0.06894869654423451, 0.31833986184494906, 0.21722344881721173, 0.3881497144066726, 0.4902833052919483, 0.0836506029702182, 0.5378812763829359, 0.4784956667679934, 0.31649227664043583, 0.08761389425482395, 0.09705053833872532, 0.03810705138510495, 0.0642905072833715, 0.4082258938592471, 0.013835709580544236, 0.5563019288807698, 0.29967347709655245, 0.03332289560963399, 0.07834949100285495, 0.004866271480896174, 0.6202575739721974, 0.4639537320045578, 0.14976459908857248, 0.24960382527480665, 0.032605940781627124, 0.220058237425339, 0.4535647166681702, 0.07235041167714865, 0.10814965146953606, 0.06422511285639759, 0.9727722102090043, 0.010608886516432789, 0.09156180561992627, 0.19044374893992486, 0.34796561496622963, 0.7283368441855814, 0.06088730541742077, 0.04909645233311344, 0.2674386656174257, 0.3644878251505849, 0.2263520995629892, 0.12350625911954942, 0.30383404108678835, 0.06793743039908925, 0.05661629834674621, 0.13953882739285392, 0.36998482694334206, 0.23656759876918643, 1.079684156057721, 0.5484084747181418, 0.43233163367314487, 0.2824093416187996, 0.5031879986005254, 0.4624668267337233, 0.1534800965069554, 0.9283447096420517, 0.586762354368922, 0.04966247567236325, 0.34489681694442437, 0.29645978698154496, 1.136563291543505, 0.6024449454944023, 0.814150586787409, 1.0360528602216472, 0.45972282057946406, 0.08800015163058175, 0.19454429279081262, 0.6293655178592492, 0.08189774725954531, 0.014250551877042964, 0.5544186239202546, 0.29356213737058134, 0.15006606962400657, 0.8299129197572402, 0.08895460988167003, 0.11401563011740606, 0.3167914665721003, 0.036307856257738816, 0.07759982215509796, 0.3477579249112514, 0.2694263252156639, 0.10522488912531192, 0.2253928056041558, 0.02270277130828487, 0.18074936135499373, 0.12557909141530468, 0.024226316292421664, 0.10642175533868016, 0.10430963794128194, 0.07571332956206464, 0.09229333326575839, 4.277015067743705e-05, 0.8398412575411323, 0.23739707039232294, 0.12657208803242476, 0.07814176494077028, 0.05754148315657172, 0.258972017118236, 1.0209382350905647, 0.07118238270709557, 0.4536516034715522, 0.5347273148185284, 1.760730055491111, 0.09730944743690345, 0.23337575361764423, 0.1716987008546449, 0.14033755712932705, 0.702644459992067, 0.12747005460257146, 0.6847538958110998, 0.2043159295241652, 0.11997909302455152, 0.8687278841359314, 0.022137675137499327, 0.2530258097343619, 0.0668784116281751, 0.03019419721295016, 0.24952240359431543, 0.0919075597436646, 0.02329193518219377, 0.0471600629420187, 0.012880540667077464, 0.12711932661730757, 0.17530098166937447, 0.2603746065355138, 0.06210653563448668, 0.014136308930621443, 0.588482265610481, 0.3778668193195233, 0.020370838679818783, 0.01970969947304126, 0.45129795601425543, 0.11218079982408091, 0.03209483912104698, 0.57858713707935, 0.04829564675158906, 0.6553981795745403, 0.19611333074306533, 0.19678758652661724, 0.6141845179682185, 0.40935394754021137, 0.35062006274113894, 0.26347221742390453, 0.034281497512943335, 0.14079978284182235, 0.11791419806590636, 0.001616071661061452, 0.1024533317362051, 0.004716392853002885, 0.24663558583511774, 0.06322467441091476, 0.16332087965067582, 0.1766477094264477, 0.5027552630296881, 0.6399476534619103, 0.17087668967298758, 0.11676926929840357, 0.21705075666533732, 0.153524742864975, 0.7666489778551572, 0.0031326515701438342, 0.636682016977457, 0.22838201253105675, 0.21896967964732134, 0.07307448718371728, 0.3762472626630337, 0.1692210148828444, 0.196841980226833, 0.3843819063175649, 0.4049302246381171, 0.10142141281875615, 0.108703054611257, 0.3106320728175975, 0.49601891370674184, 0.3270304601263317, 0.17936646452489227, 0.10732904203991724, 1.0284538005609691, 0.17521310328208212, 0.03586025638921936, 1.471796966411142, 0.004202812591209915, 0.03885061428804524, 0.3135793294353771, 0.3702468566930196, 0.11260997822960093, 0.09551783531341324, 0.7556723520735852, 0.17601332207084872, 0.010912120379376148, 0.10622748508154678, 0.33291522659363865, 0.01542756026519978, 0.08564715098309698, 0.09872363588998374, 1.0225542091128033, 0.06112672329000862, 0.10157432347777984, 0.02071241975531757, 0.002087295116201004, 0.12455451154925148, 0.28142760383025045, 0.37254527285312894, 0.21678107521900036, 0.008351939162746376, 0.15125602349112574, 0.22664116625707093, 0.08880143363733567, 0.20916426669731775, 0.0690553998395785, 0.893073398471116, 0.4775381275927061, 0.0651076895891122, 0.09529977750178359, 0.0894337292403161, 0.4491684285505413, 0.42170749981707295, 0.09594098862102511, 0.1773875547609799, 0.2975480273346851, 0.020985063563878133, 0.16852610460435888, 0.4488978208569837, 0.1161702627369595, 0.07018450248770754, 0.4064467953677847, 0.20175871347178712, 0.04908632832909286, 0.6605937584592606, 0.0035165221298256695, 0.23740995023845504, 1.6438218264408546, 0.20061787387094857, 0.4421504145445509, 1.0772466859071097, 0.03006292152087597, 0.19177877534868018, 0.06167732776671489, 0.1231750135419751, 0.46189135922754226, 0.1931706931476559, 0.30288437566566057, 0.21625609084307884, 0.12887094613141556, 0.2507658698631142, 0.027902661079432536, 0.5290582162949387, 1.0182205901453703, 0.46274624339160336, 0.29426216353961016, 0.1085647892156166, 0.17400902688998895, 0.19012881560213857, 0.7028179272147154, 0.20017821866195745, 0.12459811268494708, 0.1919779321327554, 0.11850066820081527, 0.044106376674177265, 0.10627708000658057, 0.23331117209269434, 0.3095765403798883, 0.48056986348241304, 0.4554801661431656, 0.2925858804836556, 0.19624789544200946, 1.114032699060271, 0.33439150974255216, 0.3128862660836851, 0.09742936843747775, 0.5851561686775235, 0.6151256243674589, 0.2687132295310083, 0.053886102805255943, 0.13110922101612135, 0.16758708781614753, 0.365440591739814, 0.09914414323090784, 0.4538681900968376, 0.2641435408741617, 0.19772587797640237, 0.00286361248772643, 0.26679419307286306, 0.528065889311428, 0.01056456869709297, 0.11449378582171703, 0.20131819959059133, 0.17129868595507336, 0.2642882759599541, 0.05320595330107299, 0.15809503398569802, 0.020557450633586504, 0.22984342013999914, 0.01108622852421912, 2.2963548248014174, 0.36801126634657033, 0.9998895136793576, 1.2121102087293405, 1.1078665415605897, 0.2494412450547262, 1.0291182394869969, 0.780490276087432, 0.7711053702642376, 0.5531879280422071, 0.18126722149073202, 0.15811547171793305, 0.1370807423606687, 0.21653642478313834, 0.27571339373257114, 0.3418822844473961, 0.10132760909071899, 0.6950644398778337, 0.07781524283323125, 0.4563199284239068, 0.810618450031142, 0.02652897918427677, 1.5156571757388302, 0.29243110246945314, 0.22160260489838476, 0.05284619003728891, 0.4659428027227619, 0.12282676400985354, 0.05562336612756672, 0.08336282266519777, 0.3723221392202911, 0.7357699722563865, 0.10248848885903701, 0.13938539014097848, 0.7379202282203234, 0.0813578937357989, 0.20415011137085023, 0.48936563651292475, 0.09264714021498219, 0.43275169426467014, 0.158590121284108, 0.06307100182251305, 0.2898106333191361, 0.2683600611928624, 0.09029229740341321, 0.5497677149383029, 0.09650045604261141, 0.5359591825497079, 0.3555414556706024, 0.1118099748625874, 0.16422445563040128, 0.3080349625691756, 0.8431836047683062, 0.30112000019831775, 0.19297680813486393, 1.317329183923576, 1.0174984807402014, 0.3468269240050872, 0.5045956150959487, 0.27113961908276524, 0.8607120855650052, 0.09577108847394586, 0.008242807782594017, 0.026359451316577704, 0.619201876534641, 0.7289677550046127, 1.2082652130410667, 1.3945743089405782, 0.08958223064644644, 0.7756339162212156, 0.768830537033661, 0.08809653598234304, 0.6781364476172782, 0.8624987010809556, 1.0704646802187554, 0.21293702390148653, 0.1388348682143606, 0.12616642132981068, 0.1575414743569388, 0.8038670689929607, 0.21315179631677622, 0.17752537025800622, 0.48684926083075675, 0.1807291648522063, 0.7097808175875059, 0.9193023062843322, 0.38231970782168184, 0.391568732676437, 0.14398001026002655, 0.032174066458521604, 0.06417724465386741, 0.24216890599531687, 0.6477877004816165, 0.5469627246934858, 0.12831157778272467, 0.1221546726308855, 0.5885010961600992, 0.256902836768307, 0.20873541716782076, 0.49680941453382327, 0.502692849397759, 0.5220736844172884, 0.10564674997283346, 0.07614004722767818, 0.9388402271224318, 0.9470652184101261, 0.33070106135020827, 0.044876138887261066, 0.13119968198507861, 0.014298621506305597, 0.07289212967881009, 0.12075905906102288, 0.45946998650068016, 0.39589186608104804, 0.6740403418445639, 0.3716598881813945, 0.48412199989269405, 0.1981955291004516, 0.08147506274145659, 0.24547308701883827, 0.18254522631819817, 0.27840666115372875, 0.8088524001350397, 0.39815197760104537, 0.05400473341282713, 0.2304856658482953, 0.966733033686934, 0.2872342564271331, 3.1717024051705, 1.2917219134894276, 0.02548682323260698, 0.26485741840591925, 0.05371339747791794, 0.7222002252496379, 0.9028164934568385, 0.024372976795310596, 0.7675524887285059, 0.04560792559184942, 0.0492305350566976, 0.4309817203534741, 0.11788336441833507, 0.6777079224775654, 0.028934862026257384, 0.45979099197432627, 0.034086583751143346, 1.3148136595861908, 0.3580846270135253, 0.1595546595192887, 0.13424221782146525, 0.16891459813123685, 0.042000540138829624, 0.4735385090390106, 0.15201979093622184, 0.17945993843792335, 0.06946481797210298, 0.5660087617410934, 1.1974583936967211, 0.04657260307057706, 0.925156283158109, 0.790419458587706, 0.38865443777361774, 0.16582928714061795, 0.12081809077874778, 0.026542845792675143, 0.6158871248110018, 0.5142361611035983, 0.29762618165142124, 0.716624284469336, 0.5626704598524115, 0.7897781231008084, 0.2054947314074789, 0.8682384623004343, 0.208410299163948, 1.2155503937299312, 0.3262542968996512, 0.2688306714903204, 0.03384098159738002, 0.17193358213293713, 0.14422891564377205, 0.29997387186112023, 0.24518161527412805, 0.09716979332884575, 0.7762350138887054, 0.3898159849447131, 0.15837455833052078, 0.09006263450477997, 0.00501357735289475, 0.23937053383565607, 0.15032091254633598, 0.2122328051911713, 0.17601751652100053, 0.268357615196105, 0.10041015837656975, 0.819644132710427, 0.07902959398351292, 1.1653550557300556, 0.42115837197568284, 0.39819334434193226, 0.0947774618143868, 0.3520247564390314, 0.2691670832108906, 0.07436791939309723, 0.22651546612448997, 0.7044927320571976, 1.0854084202060943, 0.09728566663365787, 1.1643044250598316, 0.028557430324449677, 0.21023259191883298, 1.0382902623188561, 0.07749062219750591, 0.7915505214224007, 1.6398703126106329, 0.08814518633337609, 0.19857896382445767, 0.7132888539353919, 0.2365026241746149, 0.0005296834279646256, 0.1061490155366487, 0.11918231956739296, 0.1284924188931194, 0.33153587029631343, 0.7220030395242134, 0.49334525744451974, 0.30695906494374764, 1.553085295324283, 0.05252143255934208, 0.40972008054951037, 0.10270330409895412, 0.8374653949727738, 0.08615451784523621, 0.0862418665264475, 0.9247604039341816, 0.13679480064431018, 0.08956194892374367, 0.4200647126462953, 0.23539890225391016, 0.029788169718891335, 1.2262795602663548, 1.1447117719898918, 0.4156040888826131, 0.3382883107663236, 0.22244309519170438, 0.07083223877474035, 2.196256224604947, 0.054830229679728386, 1.3287325073334346, 0.2749273397763311, 0.04332652987736774, 1.141934462499936, 0.127927276892063, 1.1052873969065935, 0.12831350460449756, 0.07228559141716501, 0.8383655162849951, 0.08213660763573001, 0.25309737539282096, 0.8164717999768489, 0.02987566231089348, 0.7345599756137647, 0.8481746153676107, 0.24562142440587553, 0.514840921723406, 0.24910575889713987, 0.1571979624150612, 0.6523418888155491, 0.33316869126747, 0.07627487173733534, 0.37738138575415603, 0.6771977960461398, 0.09764901267468051, 0.03995867823001119, 0.1507530107860844, 0.2344819856090412, 0.1387222444767577, 0.2390192069997957, 1.0633172969146503, 0.03299078295959166, 0.30394001788998015, 0.6474859397153988, 0.5274763115284912, 0.05530137498323372, 0.6159847536560835, 0.14904057820881475, 0.11918254025439007, 0.05284191037175676, 0.7075929956189473, 0.26059169415927286, 0.7880729383857785, 0.377642567912313, 0.06250973658508717, 1.601163450809091, 0.5869451872926903, 0.24403363098604247, 0.06798053179809926, 1.0688183248534482, 0.5857764216695586, 0.6064797009171742, 0.10697067492403409, 0.16219161969806614, 1.367028353112542, 1.4575400705874153, 0.3029161977591418, 0.4163473110589704, 0.35159102598630876, 0.30220146185661956, 0.062489500866846494, 0.11392545624923549, 0.2521888252293764, 0.18985634220783437, 0.052570863386126515, 0.43041665120748773, 0.34947791231969233, 0.6338143589775742, 0.11405683171922984, 0.03730695600819425, 0.013535828996401272, 0.08295871526438856, 1.1881777988984297, 0.07096942618721448, 0.6205493268808298, 0.6514475297078725, 1.0640104944369955, 0.024929782794859752, 0.046796794514918263, 0.75588894134057, 0.1409304761615124, 0.03724934839989109, 0.5155786581005194, 0.2171011421562416, 0.2508082595212899, 0.4482797567484712, 1.1828553606034047, 0.2379658254117817, 0.31380368670626263, 1.373338677392875, 0.08888057797946375, 0.23361482899172722, 0.07617579246163486, 0.011539728043780518, 0.008893803039061066, 0.194555452431079, 0.47892256801118016, 0.3386488086067433, 0.23897607281992272, 1.649318662808575, 0.4593380602357579, 0.0008026032224690304, 0.026611821344606528, 0.2622155171519828, 0.34925317332424083, 0.1702246815025863, 0.27235909300520444, 0.2916158993033251, 0.166924601010684, 0.5923680302127097, 0.5888716296956007, 0.3087511838662301, 0.1851648349937979, 0.20991963460566276, 0.09946789758084322, 0.5815469679843777, 0.18307223771059944, 0.5781350568506429, 0.16068275895884976, 0.054073674138826994, 0.6653934346954108, 0.17084329188758496, 0.4185417243332578, 0.37872565822756354, 1.0551078889284686, 0.613172227218392, 0.40315522716721874, 0.08572852088239508, 0.1790517289410856, 0.0016397216714165597, 0.5527358667813534, 0.060933612635448865, 0.06266533916075427, 0.4274415710880537, 0.14469733403674515, 0.7997726796813541, 0.24405342865020999, 0.008747029095710622, 0.3865091632272846, 0.7642941329305496, 0.0639105036383137, 1.4296556988901354, 0.40009964638772616, 0.8313933592162881, 0.23084897128155996, 0.3919729705052119, 1.447460310190256, 0.6381569572257328, 0.32227080792083773, 0.8873328891171194, 1.52978052503539, 0.32850327421448244, 0.3433465388788438, 0.477494680650025, 0.05121732365949447, 0.26080406491750513, 0.5092253644122163, 0.27570559174829545, 0.7108432736000742, 0.3092161777635262, 1.1052912556239989, 0.008282602762654176, 0.34010714599294906, 0.2469276897957289, 0.3662170511297103, 0.11396011816335858, 0.47911515356916723, 0.14581567571228654, 0.513075074349033, 0.6455748249995903, 0.06362556300165421, 0.27749119709664855, 0.30783216861528717, 0.8599797359304605, 0.09692298129064855, 1.1198013961408055, 0.03328145443103362, 0.4092925833372981, 1.4527258787196282, 1.0619177293772224, 0.3418811499277078, 2.0223367603358886, 0.35621939838857036, 0.13418807382365322, 0.2417345594259403, 0.269294841977351, 0.22558374358184102, 0.0306643455617977, 0.38804359205340305, 0.5124316041327704, 1.1887639155796008, 0.5169343893955949, 0.47583879216657865, 0.6238697359958795, 0.1441461223529904, 0.026260388679936943, 0.41130124149681346, 0.794234260542793, 0.8649373816106163, 1.3157593031799955, 0.02264717543886763, 1.1920675168407404, 1.0446519661856584, 0.4131305744553571, 0.9876897380244339, 0.29998369693386795, 0.19033909180890213, 0.5297473390831365, 0.8766630697072192, 0.11216613990460289, 0.6642331840818, 0.7300028932306657, 0.4819975148351056, 0.2731348810454803, 0.06919192915432246, 0.02314417426211337, 0.4525612309968607, 0.13802344931430433, 0.06594897165240601, 0.011360326645708725, 0.509454548460828, 0.6728771932864581, 0.6105885643450969, 0.36950472022235337, 0.08910603973309966, 0.5326511231232005, 1.1756522046392295, 0.40464297361666257, 0.8029346964246915, 0.9278351272667268, 1.4477489942270394, 0.8626732560690877, 1.0631461400891273, 0.9504316396671811, 1.835486964702504, 0.48952612393052397, 0.07214477757764301, 0.33982429560800886, 0.9314793867663902, 0.22776208034483694, 0.6282694576799159, 0.15262705208593455, 1.1359082640337723, 0.7286013129720346, 0.8041841367030061, 0.12446125741548181, 1.6309664384445866, 0.36800042859665894, 0.056107596494560256, 1.0698891617861284, 1.4715306561358086, 1.2360705319920693, 0.3903088187870196, 0.046208682259482235, 0.671408521749205, 0.6103654430062205, 0.14043814302976448, 0.9058507557258668, 1.1196075874708182, 0.1761030116782495, 0.35345824406789345, 0.12799742581214518, 0.6795961100754913, 1.7304440486216195, 0.21743854509803887, 0.323184829217544, 1.3479501057757504, 0.09844145530009532, 0.04718174576701277, 0.09304730494439933, 0.3121486678690171, 0.1135065764837394, 0.28664358001435386, 1.8825224231969533, 1.254740102950559, 0.42979246735474985, 0.9633385233127439, 0.14678397344774669, 0.1545236644497757, 0.4926839234774303, 0.012436966711793163, 1.1376426944296587, 0.18827363244394144, 0.2830720295630744, 1.3220743243783917, 0.013375739625834968, 0.9934303021745942, 0.6887564786547556, 0.19450807854755478, 0.054494810310724465, 1.6492865894859736, 0.08526763268494043, 0.0010917191193881698, 0.18665048195596778, 1.2593119908219512, 0.8321447847171344, 0.8484316414286566, 0.19204631261391544, 1.0057426968155736, 0.8423675339259611, 1.485719225929471, 1.205577407439064, 1.4327447624848584, 1.0916979222816514, 0.11630616400626233, 0.32405697250490345, 0.5546259094518136, 0.10346008069941467, 1.6134067267879948, 1.4281972750660041, 0.8430139103375557, 0.30011099373715594, 0.12573333637732081, 0.36967370349027934, 0.18879164515008826, 0.6294572865847557, 0.4200184540729499, 0.03478448096216985, 0.10827062564110919, 0.8844005319605562, 0.33688090308016466, 0.4773787846970469, 0.19974146100782367, 0.27066000302617027, 1.08952102884381, 0.46679001129140746, 0.3257864872068047, 0.4559764813992394, 1.9901386468701132, 0.7042173142059562, 0.18813340679488313, 0.5188458161137186, 0.41855067391560974, 0.7802179358952315, 0.7250737307585464, 1.231786582928783, 0.1470961508059236, 0.0319657539546242, 0.8620394950765764, 0.49334411712822934, 0.42453314783406715, 0.4611332696562197, 0.14159472067414292, 0.053268280038235374, 0.16550436468996205, 0.21563625535652203, 0.1295361363052484, 0.7206138566012982, 0.3263724708759368, 0.00645555296287808, 0.2970216956589501, 0.021492163214179474, 0.3499357447090194, 0.07405885566028769, 1.0621923929761037, 0.051622469080712455, 0.22070196031530073, 1.2878759541884985, 0.16244677363594692, 0.6841789970677747, 0.27299897240927423, 1.998045385838488, 1.6470112325321478, 0.048297315146099404, 0.16105307199692306, 0.25830227393593497, 1.4320690098405913, 0.4708933434762674, 0.08265675516087972, 0.3759389556905003, 1.3394529137130815, 0.4814240313276832, 0.10653906735161925, 0.6009249927840166, 0.6995754663580797, 0.5800724841904684, 0.44408244730512, 0.35102646545144145, 0.7775045864282816, 0.2908990817507861, 0.5961005110191653, 0.15451143468475895, 0.3785037620067911, 0.1639098521384202, 0.6170754138697131, 0.0038111605824231415, 0.27464384447866563, 2.748537067514503, 0.1313899225535726, 0.8241567975716868, 1.1052000032875697, 0.8957506974614559, 0.48357627728502134, 1.6099455652170411, 0.3394625320532252, 1.2375553616789883, 0.007580174165360976, 0.5223252811117052, 1.8318182193181742, 0.3902207439135472, 0.9612759390556201, 0.4865088071239443, 0.14297218715903956, 0.5059250342628455, 0.5505521963059566, 0.4468935394480742, 0.6233254900643327, 0.497266487590689, 0.6223711034499723, 1.7347497677216406, 0.13106818326100073, 1.081150096110476, 0.3946879319881321, 0.17601852107126212, 0.5952968519044727, 0.8378361114064291, 0.6469273400956883, 0.33804292002618663, 0.18791533481355016, 0.49261010518922577, 0.07824350802218909, 2.0282684301602822, 0.29707787142189707, 0.10519266927665481, 0.22389755501401884, 0.3933322920248971, 2.032253950807692, 0.5601885307346374, 0.0002709713752364157, 0.11832428394863025, 0.8208097850381647, 0.545180143466929, 0.6962074142541461, 0.9369118788159394, 0.8730506440868949, 1.407494249958335, 0.5607863509073059, 0.08651286388378764, 0.6734780204422591, 0.13921401749755857, 0.1836241008472272, 0.11816322043429464, 0.04657567995548086, 0.5576333951753396, 0.3363134822922903, 0.9024575971139932, 0.8316852772943835, 0.2571597107106539, 1.1941150510284484, 1.0150968770316067, 0.04705864417400767, 0.8808188292024137, 0.022724285030559916, 0.4844208117741624, 1.9722726345808173, 1.3300800107256774, 0.14761051437478995, 0.5044545420614482, 0.17521987912482764, 0.8010517711662827, 0.8775170232514031, 0.2073956009801018, 0.7152456833704562, 0.1698250485722701, 0.7404123786387177, 3.5536557917346774, 0.11962811612642546, 1.0175993166938864, 0.1503195692950371, 0.5002072687640605, 1.3765391059177179, 0.11258373634298047, 2.025562821872749, 1.501723315252188, 0.5646915644478728, 1.0529688012033989, 0.9301783619185109, 0.03572524090192762, 0.6488988990016128, 1.2525133027696365, 1.013491590025923, 0.22625589093271553, 0.32631823158522805, 0.4507721172458263, 0.5634321509807921, 0.04659736660021829, 0.006573101624018559, 0.4928417746291745, 0.31778475213123386, 0.2842848608742189, 0.18698430733332141, 0.3958123079465876, 0.11198919062988304, 0.24564193613436439, 0.023978970860915102, 0.5667260959866679, 0.12982465796625217, 0.3749852859732211, 0.5062916962376391, 0.7181076169812387, 0.04289264175884929, 1.62119285491651, 1.864115327149653, 0.3051454161005386, 2.2411740556086754, 0.7113947612943525, 0.7208163296231348, 0.4873016961166597, 1.5458996083769896, 2.1697014561021915, 0.027125015581737983, 0.4640196785601957, 0.07064374542171396, 1.0423398893292473, 1.2887983600339457, 0.7391900183852305, 0.5690965298473647, 0.23768583481103622, 0.9082714190793789, 0.3286002822563841, 0.8121043250101024, 0.9008420395103357, 1.6585386898484171, 1.1395394690331369, 3.3935734644660704, 2.084605678004727, 1.5654817627277284, 0.3663166116443376, 0.09863702300852076, 0.5182449121628472, 0.08584386456176436, 0.814894741094874, 1.9051286045337676, 0.3488376182914272, 0.2905163773468642, 0.018233718077715573, 0.1365707663686474, 0.05033578603926033, 0.10562864223688005, 2.1278041857812706, 1.1535783849726833, 0.09205661488424967, 0.5417455593723073, 0.41309589774038175, 1.0089864280295633, 0.08232768616064813, 0.9816981455372041, 0.20048311458740384, 2.4022445272090223, 0.2832859500775295, 0.3611502891663118, 0.22751270153051187, 0.11109323643544652, 1.8191365701800442, 0.020947337998272125, 0.2601647450319552, 1.262892177808063, 1.2006924437364983, 0.5738614375333202, 2.009257446168517, 1.5988402146920582, 1.1382878054857457, 0.13285492000955376, 0.5369739896388869, 0.31270514325494636, 0.11374665758264695, 0.05665390575082254, 2.1367435447774605, 0.024453271064216173, 0.7105027641375903, 0.18844701200625324, 1.3102030497783854, 0.3733798991359529, 0.555785411507342, 0.5074363135750507, 0.2021810848291502, 1.4809050709463603, 0.6661457134548537, 0.45973492310126113, 0.5288555171207504, 0.09177370296551754, 1.0605291942276152, 0.8979612102721067, 0.8186412661957897, 0.3817005468562809, 1.000448662900858, 0.19447498400460886, 1.9670104163243018, 1.593474515816499, 0.2947517088643124, 1.0494391608191784, 4.403259788393632, 0.06308551790532532, 1.2945274624659988, 0.5541084955713917, 3.1787934428352482, 0.011718057022042188, 1.8848743929989888, 1.8423210265548602, 1.303546247526686, 2.2736286615865624, 1.2605771991082568, 0.6272643877979056, 0.6637139500380598, 0.09720017911409914, 1.807845021023111, 1.6356168699303943, 0.6216365320965453, 0.14583634322717365, 1.8355418870462836, 0.6474198562273015, 0.3048113677320056, 0.5692707320360624, 1.6583953323886353, 2.5083561020287486, 0.2318429529641333, 0.21799992383755157, 0.34560832249703466, 0.07453547809982194, 0.2229294275788531, 0.06612575836439757, 0.934484311859976, 0.6998461917482349, 0.9879742312354057, 0.392161503360037, 0.053239673627393486, 0.02676317673823682, 0.18205114283530113, 0.5736363943709761, 0.24769649544187847, 0.21789961287036644, 0.40181042031819103, 0.297865820803505, 0.9034975424509725, 0.5193992285326531, 1.5548762946861414, 0.9888706746847862, 0.1391652753892829, 0.4491098085041526, 1.7029951528606453, 3.1635255174399024, 0.4545001193439089, 0.25291301976456565, 0.10670922412810518, 0.04549082761991241, 0.12064415613137526, 0.047229947104033436, 0.2606869457636495, 0.8467446239566603, 0.25491571702554894, 0.11439198009224752, 0.11513611002567586, 0.005662825443214701, 0.1518519877850606, 0.04529750320785048, 0.2723726225880735, 0.6992510552216543, 0.766401579985179, 0.23754258203458498, 0.19238515839049655, 0.9813276542947461, 0.5096667617116597, 0.5855594583132503, 0.2099941432323955, 0.21416819674805418, 0.23111017157321978, 0.5364173969996128, 0.605349393448947, 0.048057127673916934, 0.7065987424571322, 0.034033808945220456, 0.10394214768246182, 0.2343802052214738, 1.1594903914267194, 0.36482836636567406, 0.07465366794729347, 0.08596571624328125, 0.06136429885528221, 0.08021869219276506, 0.3334133081355109, 0.6552418410935263, 0.48412268070854253, 0.5682536195164007, 0.32809528661992876, 0.7573869828634872, 0.1673971061074186, 0.16580463030222298, 0.26539998290329936, 0.07554581026256363, 0.19866092407942484, 0.8227923707776345, 1.0351729510933936, 0.25290715189013663, 0.07077922215658258, 1.6466382634116394, 0.19236068442489523, 0.13328250918391457, 0.0075275534834698486, 0.20081671773308635, 0.37867501053795, 0.23965225937164567, 0.15911573466525178, 0.32805069531001996, 0.04533116482178487, 0.19359170933922557, 0.45733978849260604, 0.0359070499105977, 0.18188638066860438, 0.27208164688582465, 0.11112089952485979, 0.1663947479552931, 0.4582981384253161, 0.6059155684036619, 0.5808716591945108, 0.23565174603262404, 0.27108211056486303, 0.0012085653134686917, 0.2239521171397722, 0.781675352063912, 0.06789115247496058, 0.012663992159882632, 0.00395109467103553, 0.0749968116569557, 0.01942297873110964, 0.9036378470925421, 0.6568906194623664, 0.40863701760384213, 0.0009147780904056058, 0.060641096000608824, 1.335859940863212, 0.311066287102639, 0.1609083924392576, 0.4813038121917073, 0.043159788590878906, 1.1725796529728456, 0.021486979578376853, 0.3830396378437685, 0.42013164167537637, 0.4893178753497875, 0.1359056531555023, 1.0308468500564927, 0.40752818808995367, 0.5211135721491782, 0.5235922192058821, 0.736093495747101, 0.0730682526275419, 0.06765703785168416, 0.03236697940277871, 0.06786526417387814, 0.08107022600993524, 0.03898328133249235, 0.3415234388783361, 0.99827621158207, 0.3787078683810804, 0.10099777917967692, 0.07051649420435986, 0.00890320253809305, 0.26664241233590097, 0.02086356516284079, 0.24161049341217863, 0.507509938475734, 0.31888610051457716, 0.40897974967611234, 0.1733614692432371, 0.2656741907686849, 0.04876933995368118, 0.41017376782339504, 0.44613455088350074, 0.8517259783533968, 0.38955571138224854, 0.08530593257078954, 0.596126758170209, 0.015951731232894176, 0.9504274225129103, 0.0010176083916723175, 0.7668472490568153, 0.6026182013280228, 0.14255796882769553, 0.7124740959709224, 0.5474640600363321, 0.22127852256647423, 0.04329578658699697, 1.0985075138410678, 0.07146544205693238, 2.0211609534418673, 0.4841775835739597, 0.20262721706249115, 0.5229534854771927, 0.012942559866663705, 1.1443623870147988, 0.7384586043553306, 0.27516733800950544, 0.3062740567991394, 0.8639266358214807, 0.12412678775353547, 0.12459750267811029, 0.4332139630320156, 0.18936458431903205, 0.07365139246431167, 0.38459646990596347, 0.0981131964878668, 0.21433229392915842, 0.20024004198524228, 0.1904855423153299, 0.0981131964878668, 1.3420838702356865, 0.09162628928865373, 0.7444920695246116, 0.10256040135311421, 0.036136835165626026, 1.3672918098681646, 0.7470658458006311, 0.04958624670365222, 0.0719449029949449, 0.6353142040543758, 0.7674556198062457, 0.35431447798346327, 0.10081350942382009, 0.3660251085610866, 1.7078432853038803, 0.2745018963739767, 0.5682301990709165, 0.049966335306442386, 0.011056468009971863, 0.5390509150508945, 0.18508517998874108, 0.684989234152253, 0.2320379588567841, 0.08900905432776711, 0.530175663889922, 1.1650085910551837, 0.49026297597648416, 0.9711793134529904, 0.23031239948165272, 0.13406066571210054, 0.7973456669309005, 0.13165313124239317, 0.4123736270255869, 0.23219700731924386, 0.17053918209392577, 0.33974105080163935, 0.04045241897954351, 0.05011791013342917, 0.01727746602830851, 0.08804805127356131, 0.003741347961951953, 1.0961219741764616, 0.28808604877262706, 0.8111497939891543, 0.3865804125703857, 1.0135182222263144, 0.5129424109730122, 0.08001418171855697, 0.0847696689902251, 0.07050776015188061, 0.012099765373480741, 0.5008630310551694, 0.7214761303414939, 0.7359901224124814, 0.15330752746313453, 0.17126767772133414, 0.6906630173470354, 0.21565754309486013, 0.20067361630271277, 0.40017372014609126, 1.8290740754098, 0.10704503210863676, 0.09418043254482539, 0.11050160967837123, 0.1669544632715905, 0.47647780736701906, 0.025538067662117383, 0.1649018485443195, 0.3968415793908779, 0.30554264612664067, 0.29494201411174725, 0.40207219556628804, 0.05509603917311296, 0.3195374850173569, 0.2947400806884041, 0.01690611372244122, 0.5948110754563661, 0.2383813388753265, 0.006133344158176987, 0.6626003422813327, 0.4714180523245644, 0.2385008617548984, 0.033662839113253976, 0.2872700410979864, 0.7958197164327435, 0.33811517507368083, 0.22126058609722815, 0.22351386448090113, 0.2612058893031178, 0.0072530891775072805, 0.24795436458740674, 0.7669677355745147, 0.3054936057708824, 0.7486368450282456, 0.5210447250418099, 0.8767036004135093, 0.07137244838717086, 0.1095001534499359, 0.6015262312323397, 0.6637647200802644, 0.04375030521083734, 0.4321803516895731, 0.779919046937091, 0.6429184555479736, 0.050698030042915274, 0.28519127052051796, 0.9316242252910385, 0.2381426173667898, 0.0952564676114157, 1.3107674181394453, 0.5936987328900529, 0.7137632562107814, 0.4698291691580124, 0.7222579818430154, 0.016249334132887337, 0.38164149920011786, 0.7650071344373603, 0.6787696662123525, 0.49896790569451066, 0.20809732472014214, 0.007506782261151319, 0.8590247596423092, 0.22291568415771845, 0.1405719634996784, 0.04281214136995549, 1.5346686279935906, 0.07851391219318679, 0.14970103970665896, 0.5079622550565381, 0.6705775251993922, 1.6172274867903593, 0.18833926065770154, 0.13573954086037637, 0.13625409951518988, 0.5429804274133863, 0.5001905211857315, 0.1913279440472638, 0.14674554465509632, 0.35444300641032367, 0.03239516923236407, 0.18902876232737062, 0.17436032258425468, 1.427592055739171, 0.8344170504919909, 0.017715069291127927, 0.3433003160068732, 1.187474964345607, 0.2183323222461584, 0.3847523917354341, 0.24332519524531585, 0.12912295298904714, 0.6688902852022504, 0.3976465250683869, 0.23665442332118994, 0.31989046274531135, 0.7065615975906684, 0.37039478897633965, 0.12804015560512708, 0.03857004458558711, 0.1402428512924089, 0.009156412807196259, 0.16175340329429644, 0.3004368986970899, 2.739079446797853, 0.14496792186565322, 0.44383283753956415, 0.3773986405041122, 0.4287249464798742, 0.0007997379482218151, 0.2264378212197902, 0.1120641460221302, 0.21449034724639823, 0.11025188981264089, 0.8503196847188234, 0.2214391964474122, 0.9101424728968899, 0.42527586670489775, 1.01817508792164, 0.16065286834852213, 0.6167417580217384, 0.10320893967392977, 0.43292808377148234, 0.5210684827883862, 0.01460661521857885, 0.8014864635099936, 0.011404255274481074, 0.416787286757662, 0.4812191052489306, 0.18998280179404073, 0.0031951962312591446, 0.2331918411161988, 0.14484010425994395, 0.8060959485885869, 0.8830884429307987, 0.8076979616900504, 0.16781641553285587, 0.47779388024401725, 0.09480720785358036, 0.5835111186594243, 0.06641157182793377, 0.7355266467663792, 0.6026999877119839, 0.17154322694711754, 0.6525069319729172, 0.08760081809975007, 0.18603535604155425, 0.2564053983413915, 0.37941283801979825, 0.6472555201814649, 0.11432332077219713, 0.1276968615441746, 0.43725780167714595, 1.3755600923824025, 0.17780281135081566, 0.12323709048844875, 1.0393024127078168, 0.1156572464156663, 0.09538007364690133, 0.6647980065181641, 0.1901441605034539, 0.634380105271226, 0.30428559655812265, 0.461981304246934, 0.173901608002699, 1.4230615281264183, 0.46927819560182904, 0.2792445126123637, 0.10344364155167154, 1.0420803764931537, 0.17308642473244282, 0.1827185939928493, 0.2506112031200966, 0.3113246697630146, 0.8588944460539298, 0.22908247846003763, 0.11247711860841887, 0.06283046282800289, 0.051419736519403104, 1.8740329506606896, 1.6353740994369834e-05, 0.17760033105346512, 0.39154045711279595, 0.45792281311708216, 1.3505003473281791, 0.40820555406436004, 0.32774546481358896, 0.8693471536108651, 0.3373872374182884, 0.22147880820032556, 0.19528415016082862, 0.7157747993761199, 1.1225133324051937, 1.1557010308325453, 0.27486722402139074, 0.26926315671651924, 0.6917396952341055, 0.7782873546895621, 0.050724097556217686, 0.11898364167159556, 0.528999013349763, 0.2240131388664705, 1.4430390292232504, 0.49781751066091384, 0.3892055043389811, 0.3145888677581668, 0.12177525445047166, 1.3680181175581, 0.015313247149691204, 0.2790931882289419, 0.32858750085333926, 0.40268330794249807, 0.8780987423957406, 0.20730282479098885, 0.08255552318809033, 0.38005787845933003, 0.06739057468064634, 0.46195055627999426, 2.357541676108839, 0.008812208985255586, 0.46401889160753146, 1.3101029857884028, 0.5903823477586142, 0.3331779209139574, 0.06129408848549937, 0.02836389523173238, 0.2781378387309495, 0.1177522540756834, 0.016242287970274247, 0.3040092233986926, 0.16029278346471784, 0.16436993626809668, 0.09087666864098112, 0.22297889787980668, 0.3630348263590235, 0.6032541040447127, 1.2536219547433103, 0.22137965036815233, 1.751756827856228, 0.3858293452442868, 0.45772059456925274, 0.8322178082859082, 0.10727175383272078, 1.0090318741514601, 0.359237844769339, 0.18175032333925092, 0.2406909124113515, 0.7856896427013752, 0.6685338121034159, 0.8133902823691516, 0.1632724982500903, 0.855869893359706, 0.24210299217505038, 0.20185071472268273, 0.09232005161411119, 0.41861788493548535, 0.1687899065471092, 0.13093281103245422, 0.01960158607728537, 0.5905284505847991, 0.6742950044337985, 0.9791565964227174, 0.06344565561840813, 0.5459545912813347, 0.8414572017476043, 0.13344908009078432, 0.22412831043770062, 0.29894886808666143, 0.1496789820052065, 0.5082961848402795, 1.6076269744679017, 0.3173136157041036, 1.0249596418723135, 0.9391561131718384, 0.3246616664774893, 0.4082968319545787, 0.9368976858457582, 0.6457975923197281, 0.07342718929886624, 1.5742636597139719, 0.47073081305107467, 0.7249891929686563, 0.038859140703180105, 0.020964735151140453, 0.2934982658110333, 0.8233902092914848, 0.0006160739550999635, 0.3752448138674914, 0.41967509625277205, 0.04932097436669433, 0.014283082482518805, 1.1816514406595184, 0.016225225184498704, 0.0858904077058626, 0.16668999340125407, 0.3523318992959115, 0.07272726840797471, 0.34199270030326884, 0.43522121609692216, 0.31045419969538673, 0.1370260034063096, 1.5298221797343479, 0.6538781664533344, 0.5569538121925389, 0.35513926963636594, 0.799273027285812, 0.10601116618134811, 0.2625183876364445, 0.645183453138473, 1.208683426891926, 0.3638256685363397, 1.4908503743290873, 0.045819215935337824, 0.246911309353327, 0.524071029922931, 0.22679718528771914, 0.09475798392342515, 0.12247725936710813, 0.07549528199813156, 0.4453512667844614, 0.47811715048977943, 0.12064959737595612, 0.1958871384131217, 0.781567322736752, 0.4142005092970351, 0.3143420029987913, 0.30838422603911336, 0.11076652836905392, 0.4076639360252456, 0.28523796171752785, 0.042399163572149484, 1.58673234659011, 1.8245929569476071, 0.42865937436348, 0.30747883700442136, 0.5799162506114861, 2.9888289347198573, 0.18157597653767102, 0.34133686616352144, 0.39687418806593716, 0.8422418525639697, 0.02037071529524192, 0.13182933645277567, 0.9961080638494962, 0.31961659760322697, 0.03500303083960599, 0.7075449923281714, 0.037527597714674794, 0.12205886921944424, 1.0419492241052442, 1.8250759676517074, 0.8807306981913373, 0.20256648140123118, 0.09548330831893183, 1.135346438871113, 0.48004948231988626, 0.6816951115922366, 0.036849166166205365, 0.012742263324384346, 0.6410843574285314, 2.4531936352213695, 1.094293124180506, 0.062121610071456196, 0.22925053690960462, 0.23068837392258829, 0.3079268044056943, 0.16143004420624246, 0.463198136185645, 1.6624418020296878, 0.6165488184716352, 0.021868794179210487, 2.058222690214587, 0.443084576573474, 1.6490387987122, 0.33366856386518673, 0.025101933934633166, 1.8037352936695739, 0.2938486441299842, 0.19824768933625245, 3.530447622728946, 0.1786658940071396, 0.1632106360995609, 0.32940934597893123, 0.23476838063902558, 1.80617208474178, 0.06396858459786785, 0.0006670624622003691, 1.132425891216408, 0.8170876107014453, 0.09803087481392589, 0.4285946397690996, 1.4156532801994908, 0.8891786365071699, 0.19871633203468997, 2.390079868463928, 0.1374420680920077, 0.19629072816708876, 1.2290977659913944, 0.2487046900545061, 0.08746663440788839, 0.7618939094987383, 0.93613619841101, 0.542414965547158, 0.1965569056521931, 0.429363677782886, 0.16404932567293962, 0.034449093291332944, 0.4006924758137953, 1.4091191585039815, 0.0866705341722767, 2.2820380637107447, 0.4567255904662358, 0.057726193707745274, 0.04665303340800338, 1.0370343008440284, 0.8250760151213914, 0.7756755782986663, 2.525547340235475, 0.8104309959227508, 0.2925053436281416, 0.6527382323874047, 0.35227873566564616, 1.3060639796872122, 0.11648666512299322, 0.11425785755721779, 0.07694031312523791, 0.09857905548698062, 0.2851949808977988, 0.2531936529105265, 0.37213438342856325, 0.4539080580396673, 1.6992058661387386, 0.04009258295144761, 0.46912482483259055, 1.5649935735716387, 0.8110480922251561, 0.9258834901209315, 0.8191003567981844, 1.6243437067579198, 0.8362119067106294, 1.0179924911384886, 1.0646421021945025, 0.5670576460035845, 0.7560529887921444, 0.5508110006807146, 0.7741014980825643, 1.5405330921704368, 0.1906076487734754, 0.2488229359586515, 1.096008262050022, 1.2783547191512652, 1.9565973806280499, 0.19301482125438962, 1.9986081255171115, 0.06616143330499942, 0.8124674348701871, 0.24496803346257948, 0.9819822833346015, 0.11628257170217521, 0.7190078696408583, 0.6735534157392044, 0.6497533157827335, 0.5024654287322979, 0.6389276708745993, 0.12103496379306067, 1.3682897868688781, 0.2580093922269556, 0.029243091090526915, 0.2547656440159448, 1.267502704173504, 0.1994576498031903, 0.3020691701115615, 0.7062203691277029, 1.2727131590040701, 0.2560345594977873, 0.9061259909229652, 0.03323313106658692, 0.027374926990637177, 0.3759216505741924, 1.6808760810224224, 0.3566869609343821, 0.09131385042496441, 1.6891119338398153, 1.8811611580967704, 0.17288217045223223, 0.7416633816463173, 0.5645583915975049, 0.11078036035937326, 0.3318704549080901, 4.958788847676363, 0.06260003236284829, 0.67005476548227, 0.1960730911314717, 0.2165541532556896, 0.7713435864651558, 0.8480193782802653, 1.6627652455661621, 2.3948361044055058, 0.9626939309584438, 0.7365555334431938, 0.5236303675493923, 0.1991839602014534, 0.1841949784675468, 1.1377480506392659, 0.17964300667110458, 0.2614046226892547, 0.3956716260158415, 0.32900238499848006, 0.011086518299698091, 0.9419040558178523, 0.8821403935185037, 0.37718747922504814, 0.5465715179217375, 1.667031313498079, 0.10177588473902391, 0.12666271230484324, 2.829988386767501, 0.5793413579508337, 0.6668844487866403, 1.5584775471707382, 1.718301503707541, 0.002364092944270171, 1.2966746512833596, 0.4365851326371109, 0.5915212998183753, 5.287916963722385, 0.0917151469288875, 0.4337460005669947, 0.9989593333673125, 0.298608756345686, 0.39987420166819687, 0.014973518194559781, 0.4991251569769821, 1.5068508515783838, 0.1417446765329134, 0.016513139084570465, 0.243742803470467, 0.19166435165167822, 0.07570451149772921, 0.7571063706772274, 0.3909817840214162, 0.4312496818633865, 1.1534976147719003, 1.0080012734975563, 0.8271203636607982, 1.776341585983514, 0.309088802589479, 0.3558780646517698, 1.6724594813487648, 3.940554093655275, 0.5789269875665483, 0.04551164799780347, 0.42625166893485433, 0.19816477783603922, 0.014167207086357035, 0.03794288306983094, 0.6978095558014835, 1.0830457999145424, 0.22459995166671218, 3.9799406777970163, 0.2761077890118617, 0.9819775958273683, 0.6951661109960872, 1.4479495014473993, 0.028908048509799444, 0.4983741496096629, 4.147620241931975, 0.3273075840533331, 0.44037236334805197, 0.40022984573508047, 0.29197534688635846, 0.38990277812906166, 0.8864737801482258, 0.39840112280431905, 0.9352196770672014, 0.10366322008282311, 0.9716232240378012, 2.6624321458964237, 0.08716751835408351, 0.07844693752380631, 0.2895377980363751, 0.8059703939707021, 0.006361650353692621, 0.09608600229178235, 0.29131565613401456, 0.8786091923427967, 0.2647100215277542, 0.33120628576377986, 1.0049350863719038, 1.067381430039349, 0.7930260955083854, 0.006993461926292164, 0.33582337817298236, 0.029513673162674073, 2.2366363112493604, 0.4070008480488195, 0.9342583568258355, 0.6437555886827787, 1.6183879287957865, 2.659124855079525, 0.6090016497438977, 0.00995586554611953, 1.9239354434533558, 0.046295503634160594, 0.5545797730407701, 0.3623778589848549, 0.11660884841227502, 0.035591203335742574, 0.6061918564647356, 0.13554006568048965, 0.1277941084719887, 0.28820156805179253, 0.7457953517323495, 0.5404933108338593, 0.13502658862938077, 0.5045553298417932, 1.8953502868014551, 0.7393680499168844, 2.5247529370649704, 1.4065445064244761, 0.9752686223589159, 0.6426512754901702, 0.13049952423704164, 0.12291353285858887, 0.6077804432202083, 0.6925340054022003, 0.20082025246697346, 0.0903550208154683, 1.4585766554066188, 0.4320045511597396, 3.417161344203536, 0.003350532984763729, 1.3539048019512883, 0.16383987688399002, 0.306260658710607, 0.5629511891001097, 0.05026697951927614, 1.4769504654833656, 0.7621342750442334, 0.16567974659667584, 0.2123607484856852, 0.8347423797496302, 0.40113812305146185, 2.8256777935501574, 0.37130723607776944, 1.7746981243176567, 0.5601854233610108, 1.4083264102596278, 0.5471681179292341, 1.9372953881325596, 0.22354227986529307, 2.1651013726709887, 1.7798558385896481, 0.2914283141665219, 0.036219799740612825, 1.7498508285483032, 0.35967246200799297, 0.3592461238467714, 0.11654263365496173, 0.4380649197638467, 0.1376946249667423, 0.29160111630439894, 1.897898426102684, 0.028992052721221382, 0.7287012558553022, 0.42343063261756564, 0.42509731948920254, 1.5490418678893279, 0.592989837620294, 0.8497553011594086, 0.3749913293312256, 0.6023762197963591, 1.1973331746507372, 0.6812274679709422, 0.3398907161888931, 0.7301877598567112, 1.2752957735843207, 0.012900233814100711, 0.07085972485620926, 0.06747158862677574, 6.137823438347093, 0.35897673629389526, 0.40148063678641754, 0.1617894544453811, 0.47542651109338047, 0.10468727706069435, 1.0717116176150339, 1.3007339566392724, 0.9262281515048476, 0.2544066950146992, 0.6593535683633335, 1.2365200585446716, 0.3087528218086663, 0.14391786688409472, 0.34607613209384813, 0.8901055187754346, 0.26172453511923605, 0.12805399262810027, 0.6201132755914908, 0.8587405688333148, 1.6933692130807572, 0.15794850541251748, 0.09648870648077482, 0.9429705959832366, 4.185123535425188, 0.3778101264972878, 0.014759610031289469, 0.23705770272114035, 1.0168978898074243, 0.026485679973783982, 0.4515760375175923, 2.291924179673855, 0.3735174805581819, 0.954240307454697, 1.8080242831737654, 1.497525405161702, 0.5051933880289374, 1.044776289095515, 0.8126158264785559, 0.09007771929544206, 0.6389947832076041, 0.024024606940608623, 1.5192409581999111, 0.2515937748157048, 0.1670972818666617, 0.782139656489018, 3.078296764619693, 0.4805439171948138, 0.2711153316243999, 0.2819563257090162, 0.8475438593586858, 0.8910101543473485, 1.4898112173513245, 1.9753058158513432, 0.46739497423185467, 0.022903952215142177, 1.9896184416435825, 0.6259733536321441, 0.05953815660344163, 3.000999496984771, 0.07305445609947137, 0.01779242433980509, 0.9514738489817498, 0.005832778847544968, 0.3026209605114238, 0.0816911652989781, 0.19711731138718075, 0.26239550032839815, 0.9000349106940426, 0.4061651116093121, 0.6214853439237809, 1.0611851737632156, 0.2921921604985672, 0.3057350252574785, 0.05550525186497067, 0.7577699395153957, 0.9231109448535968, 0.11488810503548666, 0.1291794261443032, 0.9922852275981042, 0.9135767386930744, 1.3550393776480283, 0.006832581036249363, 0.7030804949851441, 0.9436295169734946, 0.6407818010462548, 1.1030071417882499, 2.725341770334127, 0.3432075968890423, 1.0626571599339798, 1.1265557928144607, 0.7149668062986293, 0.0474198093409018, 0.09637804594647353, 0.07770189691959649, 0.5465734371579433, 0.3020040206499496, 1.3459892760821828, 1.7068135516140912, 0.06634377686620453, 0.9033357806567865, 0.9988492376656564, 0.04762965127558678, 1.3565900654867051, 0.05837692839135774, 0.6817716443262806, 0.25773005532854604, 0.2637189916821555, 0.5697040942777934, 0.3218843998737017, 0.7552608600758642, 0.14631942152511376, 0.4239492313445522, 0.02144852650623732, 0.3963586729876859, 1.1641045386941031, 0.12263356072943811, 0.7628540367602201, 1.2323674544454861, 0.2607361858647214, 0.01988201092591535, 0.5381488187510326, 1.0761350275562174, 0.1805096327060729, 0.845575801688241, 0.2548602823366291, 0.46025148697761686, 0.21147149825536196, 1.1744747287665318, 0.5403884764641874, 1.012711926936775, 0.2193283403960883, 2.0381034662629727, 0.13395591176998345, 0.06581666897620235, 0.19902615976057172, 0.9512411013894415, 0.3314176923557319, 0.015367942698225856, 0.6445708596814217, 0.00511154363120901, 0.09587120749547642, 0.7456949336684489, 0.6019950145062637, 0.6607189498034143, 0.6326847417235911, 0.18501284537259838, 0.5645654017328665, 0.02192029220538491, 0.34831533123094643, 0.2894195935384926, 0.4457152157366488, 0.7218552212781069, 0.04499202777870851, 0.11816276217760488, 0.9950746107593534, 0.6824452635328536, 0.6965149632432913, 0.5635565677776221, 0.7259133104101834, 1.628256811138234, 0.31432310986375567, 0.02176606167213003, 0.35253719050577537, 0.002616637850623565, 0.5351293148489238, 0.13178149228517433, 0.03804947207874458, 0.0605288891033211, 1.5275063297939144, 0.2062552448028155, 0.6809663205775078, 1.2542431840830177, 0.24071151688832992, 1.384862503782414, 2.97751796738503, 0.34129159830368183, 1.627842651757593, 0.3327542741273497, 0.5049064328951236, 0.09499871719453093, 0.09331337871909659, 0.15827574073975229, 1.7211016064756506, 0.18714015782717616, 0.1547767745990748, 1.036853456537751, 0.3476965786932616, 0.14291733126656012, 0.10774974255667188, 0.5812656063797278, 0.18834555138709544, 0.07195789076387078, 0.009517287032321558, 0.2908849641259395, 0.18805802766039773, 0.9861889179233987, 0.8795236923552022, 0.2387410914864162, 1.8158590347116779, 0.34996819988266226, 0.09524732806776598, 0.5040362867436223, 1.4577334520777805, 1.416652114970623, 0.263530304932066, 0.9063682241108724, 0.22524608685922767, 0.20983557889927612, 0.2705180471114407, 0.4803350700122243, 0.023174224648104126, 1.2625050372570732, 0.23737703069631544, 0.02684305854848009, 2.268321417726787, 0.9179043245591081, 0.06630936671129044, 0.08673389861981866, 5.0664177817406925e-05, 0.19435992617156966, 0.7877010664607499, 0.18974640835654022, 0.14551073292272046, 0.3342592406240101, 0.4636932105147337, 0.061273934898438215, 1.1628025815815357, 0.009531458523925214, 0.11443820150639997, 0.3917304449307235, 0.2895603160641463, 0.2511070394687282, 0.2715326891959913, 0.33455136219938064, 2.5695258944006474, 0.248829084013919, 0.023399482147467864, 0.5939185022659822, 0.12632896647850836, 0.6966867240368666, 0.255444389401519, 1.1276663961217297, 0.144610924668835, 0.8377747427136782, 0.33797889801993214, 0.12986025704948642, 1.651512652124504, 0.6260850904517481, 0.42338659019936464, 0.23277805813692967, 0.4519683693002728, 0.11606222812342731, 0.30137263325802416, 0.1274998252750714, 0.817412671040501, 0.12564865894688382, 0.787198043320395, 0.5640509189392089, 0.04403046920664528, 0.7589651689219109, 2.8781055434726976, 0.07358632864250991, 0.7165207109432625, 0.1904073855814684, 1.2736003266611378, 0.031440467058902986, 0.17836792881375438, 0.2905913719976406, 0.919196375699968, 0.9673803925385255, 0.14980535432119518, 0.2041601498194538, 1.5691882627196045, 0.3871789210468051, 0.002233071882294705, 0.7203159289431684, 0.5467424150554903, 1.3128660862053674, 2.7298473343725824, 0.04600496338083405, 0.049384553223511964, 0.0731789827626317, 0.9459534918383664, 0.4320743272024348, 0.24796169213928912, 1.081285706265247, 1.0933036568688492, 0.8547338499568395, 1.0908715485487401, 1.7319451095433527, 0.011598313511395736, 0.83550217210759, 0.7060015657340845, 1.214915273184631, 3.0019553794186202, 0.7123906656437219, 0.14344125954687417, 0.12374338957938133, 0.6085211685659362, 0.32053262256123455, 0.024343886810329993, 0.03700167206736186, 0.5585888060395657, 0.23413357503870788, 0.26294581420980384, 0.7037195367807464, 0.45839133162791795, 0.11893893132588519, 0.3687069798042384, 0.1671972985973558, 0.2149402660087509, 0.7267559207247813, 0.7465145068779605, 0.06441861507824811, 1.3021213924762327, 0.11118624470333548, 0.8032974199071471, 0.11455273346909677, 1.5728525407208804, 1.1754948397871505, 0.24471319273653028, 0.298400845351733, 1.1107857583968679, 2.6866988390807283, 1.2369040882766473, 0.004358920372599995, 0.30622000924269716, 2.6153485544760526, 0.7949880944393336, 0.9270613540440761, 0.6226416334961428, 0.3978212162994139, 0.6275682507428815, 0.5075728773295849, 0.6751147573322829, 1.0002656712948057, 0.20923660969819863, 0.21482567354258747, 0.5051567102964811, 0.36404149358461874, 1.0250676653352366, 0.5911455700247591, 0.3235563408916243, 1.7707068021804684, 0.6071835650346556, 0.7940811621717989, 1.2497138181432759, 0.13990195980432998, 0.698915284236912, 0.14608601819827433, 0.5726922878154078, 0.6702079672299126, 0.3924551977648172, 1.8233686563102114, 0.21863524962506814, 0.03448500729397623, 0.07309995558918637, 0.010798917783215822, 0.0413683834917052, 0.02429809701213141, 0.10906179679048679, 2.497890924650022, 0.6285186302596834, 0.7889110357145215, 0.317761306756095, 0.7217401271776693, 2.9058824761027737, 0.08088265173277301, 1.9344138563353916, 0.30106910645418833, 0.28161859315449594, 0.13143597534937296, 1.520963004731537, 0.8345390496312521, 1.0058306204656593, 0.1295358542048355, 0.05458287823985378, 0.03878635037470249, 0.3982192105950209, 0.17151867068635493, 0.6668646790783034, 0.2585835957540896, 0.9775999154347934, 0.7970926922558047, 0.1739971117126897, 0.025362782641710328, 0.09058947880546096, 0.8065903866955403, 0.7016163030150582, 0.6938781926177596, 4.62399085833265, 0.676303469196512, 0.17758727901769208, 0.15524762287528932, 0.06507560844465202, 0.5569221299621727, 0.697833523125426, 1.9321443343396885, 0.8032437339814847, 0.03384020474874454, 1.7650282325135895, 0.7339518075311395, 0.05237388617577588, 0.16663507067242023, 1.4419706763494815, 0.5172658531258344, 0.013917445318952804, 0.013000698893528595, 0.18627494926407162, 1.7298189063464058, 0.6523526473783348, 0.4973937596047163, 0.7566841903363801, 0.20346887157158658, 1.6750569110283284, 0.49659266403000996, 1.2478779018695745, 0.7608664313186436, 0.10482926379768977, 0.18576739496728012, 0.10636810983601157, 0.04334369493979501, 0.4312664685085322, 0.2510192976918342, 0.6071268152890514, 2.839611663192165, 0.22768080498711946, 1.2023173170097623, 0.22717228855656424, 0.45585953309375526, 0.4679658638821349, 0.1306864220527717, 0.5047958414156842, 0.6624492757301066, 0.8420721238001461, 2.025980054690427, 0.7891623372339974, 0.268545693471238, 0.19653570757111902, 0.9273368816318596, 3.704040740393595, 0.42345176354743336, 0.47776154165194384, 0.03868269332058949, 0.22358367519492092, 1.3214671845804375, 0.399429705519594, 0.6369718531254622, 1.2774865447720407, 0.25545333905765605, 0.3238222904752504, 0.28789726267204896, 0.9981862928763305, 0.09722694871427397, 0.5657755005068453, 0.5995815130380849, 0.2092140754493242, 0.6036767393838275, 0.3436762864076415, 0.8371128097590469, 0.9857298104308587, 0.01893062066906084, 0.09709162422993017, 0.02483995622596682, 0.38928290386978076, 1.341208900526963, 0.9570635925686763, 0.836519501497426, 0.4147656303556585, 0.5869496147241082, 0.18382529057267816, 2.4337913873317327, 0.9952814352813171, 0.45484016594113824, 0.5587450816774724, 0.4157566834961501, 0.4672319527637544, 0.11027376533909036, 0.07990613203135563, 0.7296816020348983, 0.25329050266575426, 0.17799111456322453, 0.052056114494669445, 0.1484400168744096, 0.034012651992992235, 0.07559236484121976, 0.2164948001254822, 0.13644325225983447, 0.029675554497188675, 0.3170510370461149, 0.9421815641145617, 1.1108235083763007, 2.5480174943582314, 2.8160195883696435, 3.013155483518071, 0.2298209179201608, 0.05621118123763359, 0.775832903102171, 0.24348487320962664, 0.17591677557970278, 2.170415847882823, 0.043639552492601576, 1.0697403550388715, 0.4292029603218019, 0.891758791977375, 0.03631391606845224, 0.9949366271952077, 0.06258427398927792, 0.0737404038557157, 1.4074663093325777, 0.31256083527427514, 0.21939304894018752, 0.25493661390881756, 0.01040854398747349, 0.12616192674474308, 1.000278161964916, 0.1065002413081333, 0.21002009482771147, 0.5490194528818806, 0.22840686050305214, 0.09016951505811766, 0.0074421293233066475, 3.2529499402106614, 0.27590406183492117, 1.3965622907476576, 1.596347076990312, 0.660458169033446, 0.7812137185556374, 1.8661559001199648, 0.6418236929702188, 0.16514335826064835, 0.47574871636310473, 0.2235538099094434, 0.6828325513556915, 0.29300124040756115, 0.4627652293446204, 0.12960213861755476, 0.16451300124824575, 0.3954117868191812, 0.5174501274756529, 0.5352438001085387, 0.24581943834855344, 0.10530378748982043, 1.6780976826484888, 0.21424487450873342, 0.552602374548082, 2.0878932916811537, 0.9112101869684743, 1.729950819594541, 0.08461669881335764, 0.29847040042278905, 2.8084002141499576, 1.155140117789033, 0.5990366843033301, 0.1674874300806772, 0.5506431646379689, 1.7496983755540234, 1.0994510210522033, 0.35611372831593746, 0.4767964601917426, 0.0707144032796197, 1.9099623840180138, 1.3524352474669343, 0.5662046030832004, 0.0402676495863155, 0.14308787194529346, 0.6072615033746682, 0.5578721976098179, 0.0350605534645635, 0.2900232018561485, 0.48278136080457884, 0.08951121790662515, 0.148685604284382, 0.2955373826221447, 1.0825762800653256, 0.37217425856748304, 2.4376161721503293, 1.6830353648516703, 0.5555846034463321, 1.3525422101408673, 0.052583180713459604, 0.36529399750389113, 0.9320848967071718, 0.2625934748460707, 0.39576783083284434, 0.4657310388762834, 0.28820990340852753, 0.10837198482347973, 1.4885927808343153, 0.789079458048497, 0.9533895120346452, 0.4028443144876571, 0.20500024397095298, 1.1014985649741806, 0.10821284095365852, 0.6418693291755221, 0.09700121666340922, 0.43601384965199824, 0.6868265996311189, 0.7322836934627541, 0.15342899186174874, 0.09745487615333678, 0.11788879299980387, 0.31959467313679646, 0.2415849390685706, 0.11244382947375228, 0.25778387033069755, 0.3956461223330971, 0.8463275510580764, 0.5687669044686434, 0.46311759075688613, 0.11750991900756426, 0.6409273662696883, 0.5506126775892888, 0.12783028783307712, 1.3728437578413386, 0.08839098626639065, 0.19373183120014645, 0.6110658679124659, 0.7534493798694522, 0.4542071069173054, 0.008168374929389438, 1.5236460750183103, 0.47817183143456593, 0.3688525915565589, 0.6871427303179055, 1.0848046578412145, 2.036465700709594, 1.8232489282032622, 0.7368517936054554, 0.019183516584614833, 0.040679049474641765, 0.6806609944258061, 0.18866675140979858, 0.31195870403723786, 0.056220753941396764, 2.4572552376001027, 1.2692109072134603, 1.1519604951321278, 0.6643223425365625, 0.4921712592021533, 1.9810397866222438, 1.745760144751581, 0.24653140472874208, 0.10446533363917011, 0.8919226553030848, 0.08318920389381929, 0.15495483211514602, 0.07039083359764464, 0.4734634742595081, 0.11384876924129544, 1.49595759131281, 0.48975815678261453, 0.14270026525819807, 0.02639224470431611, 1.345800032543483, 0.3032877955824564, 1.0927243851506188, 0.3132553997000152, 0.8916183937239903, 1.7222023113813996, 0.4551111386739814, 0.01940104232159337, 0.873208026549814, 0.39008273436733126, 0.401860448776871, 0.49165689456580597, 1.8830198926056312, 0.6647130500968595, 0.7709067467985014, 0.4487433834935444, 0.6666909168873734, 0.43779714478700743, 0.6048450789499019, 0.743038563572728, 0.4274274984501992, 0.09475215497077737, 1.3516134921570613, 0.23587730527931153, 0.5994547253673125, 0.8300777619380718, 0.04791899224721186, 0.9003589090370316, 0.1015878766464071, 0.42810218215692325, 1.152082744094587, 2.620483775050936, 0.6455538585597982, 0.5580778161747914, 0.4893792480078381, 0.6171757013383401, 0.3920747746048702, 0.6809153604659178, 0.5776615102170896, 0.007654175207275089, 1.4970404041007335, 1.1674919271619892, 1.395859953386785, 0.23572949779121102, 0.5012540753268829, 2.1464671000272264, 0.31295778705531935, 0.8074824981242531, 0.050952942570578565, 0.49310796990269956, 0.4432848722686619, 0.1638381158588782, 0.08734165338137201, 0.5455462272641147, 0.19592492914897175, 1.1886866411683705, 0.026769531482399543, 4.569131114941776, 0.007018293040347369, 0.6208971975120504, 2.350595401684914, 1.364755227019172, 1.5552565071673816, 2.644360870324829, 2.339193362854336, 1.5649997810623972, 0.4566075308358911, 0.13163518712029487, 1.4185353327917483, 0.6431010134547908, 0.0739609657676019, 0.5798312049689628, 0.22260040573085668, 0.8737188855041257, 0.9347870592766844, 0.7254799266883759, 0.9439148831716014, 2.288263194419404, 0.9147815124780551, 0.4050003077454806, 0.4825561706930146, 0.8892706878937636, 0.5435214288451549, 3.557467578044255, 1.2710583330890575, 0.7587940860439906, 0.6013651603513779, 0.5488417556959416, 0.24367784245458157, 0.9605785045009962, 0.6092646929777027, 1.2363489539174857, 0.03133132523325915, 0.11790652674600582, 0.36960300276813773, 0.5165703296071388, 0.22287278136807875, 0.5110527550052468, 0.31799988267871426, 0.16887697015367317, 0.08476994893130668, 0.016383558064448484, 1.6672409410285065, 0.5844681019331412, 1.1684547018616314, 0.8944521284444462, 0.15008991214684878, 0.2044832692222159, 1.76988493642594, 0.12315380626179867, 0.6347808121185943, 0.03990619813483302, 0.13226410849438575, 0.40537392173897163, 0.029244371581468392, 0.498498290229865, 0.8133886189512535, 1.2569604919580444, 0.0648090850493002, 0.05692837269836268, 0.3615656207692367, 2.887998277215547, 0.09314536227338192, 0.8656553863876377, 0.8202256825488041, 0.37736643235732586, 0.4402541282207816, 1.1944683068567017, 0.71846937734561, 1.0033997557117218, 1.3506271829117504, 0.1762088471578722, 0.010748253308810893, 1.1287301401961658, 1.2290425661053068, 1.4800345780154893, 0.059613876167876834, 0.09009792860792974, 1.0663605435072567, 0.684078341824963, 0.2591949271977207, 1.4301668595166268, 2.508522873064968, 1.475572321837486, 0.728200041361299, 0.20571404417326342, 0.8366557604762008, 1.4877738579230726, 1.5067234737804063, 1.0887377507005822, 0.10086388955900287, 0.31596869377178677, 1.8818564637367825, 1.006907042976424, 2.40252274018522, 1.2295453785448198, 0.18790345132815633, 0.9180717742033095, 0.49510977967850905, 0.43926143447542104, 0.3195780050716522, 0.9553627821528055, 0.16890364308577518, 0.6097582215270443, 1.5430648656436767, 3.4690914430992437, 0.29350410575042796, 0.15626216568314438, 2.5761070784772477, 1.4312450970212243, 1.07584848674655, 1.2450883573548075, 0.15541367320666852, 5.647425983656809, 0.757994880624748, 0.9759293825492387, 0.4558911761994799, 1.163888641365666, 1.228424951229007, 1.761639294227256, 2.3153504206983198, 1.5207079837082311, 1.8282389435366093, 0.5620777710113373, 4.362468959070085, 2.0730981347708464, 4.000329852915449, 1.7427076762252967, 1.426264080791609, 1.0750501091848432, 0.2767699693868246, 1.649787750592479, 0.6137272821697622, 0.3415825725597375, 0.24329490778803925, 0.03119245598894043, 3.1944187252329757, 0.9100936192773902, 2.3043107668006306, 0.10359846368829571, 1.545191322728661, 0.13573375648419872, 0.10889592481162916, 0.9061295263250153, 0.7103916996207978, 1.3613496224770607, 3.7287211053549005, 1.1378421262800622, 0.3755014369525246, 0.5252245943983127, 0.16659214518638826, 1.8462408571739248, 1.007924184510931, 2.228478111156588, 0.2935763856390458, 1.6812792939354657, 0.04145897741822895, 0.0031436577054541563, 5.0266125762350935, 1.261038980727671, 0.6478542871150395, 0.7925731017012215, 1.2425405116778727, 1.0596000194230237, 0.41226130065198274, 0.9723490111986018, 1.1935438902605096, 0.08151786494809317, 0.675324113654047, 2.0429302865951553, 0.4819124438749172, 0.2851709937723121, 0.12386453099140217, 0.5151701961958006, 1.1109651098553817, 0.9204050891354474, 0.9460302038062735, 2.8082855044395587, 1.6763198898060863, 4.47348529318649, 0.03638608760408965, 1.7965013506767349, 1.4851765019492962, 0.8379919141205884, 0.562209732755652, 0.118903347611581, 1.3954836678973475, 0.4003763008984306, 0.45144631263421237, 3.2653112362371357, 0.902746873215149, 0.42819497861000094, 2.989391112565129, 1.4817289602824075, 2.131492853400061, 0.30340854222677327, 2.909688475661695, 1.642567405415117, 1.3087089729129113, 1.1754162452234647, 5.3976230141242425, 3.7832992055804775, 0.9011308542806448, 1.2651090795106534, 0.6870667133443761, 6.183829906596186, 0.9165429320477814, 1.1541456580861351, 4.978016922864588, 3.470300972181994, 1.7046795347126973, 0.3149882604839857, 0.7799464346072321, 1.9009844042290074, 0.09674380055594445, 0.18797622475250225, 0.35624365646561845, 1.7956955489941842, 0.06824764922529836, 3.0936835776202476, 0.18699284224517962, 0.09185799442971393, 0.005869188633553152, 1.7108078959296047, 3.332288667177287, 0.09773304189833211, 1.8286229048005864, 0.4380332418765903, 1.044298095532473, 1.4529253025586228, 1.673277494026748, 2.1599281261358367, 0.2779536475131036, 1.7889493372299614, 1.2543455906943137, 2.949021293086566, 1.5909968315313037, 0.5864928492131791, 0.26865692645456307, 0.4240833307920895, 1.8255958247592876, 0.9183371684797378, 1.101766823046812, 0.13784414919089436, 2.5216119212290318, 0.5608403535290647, 1.7425068371614802, 1.0726431315024296, 0.236082524823223, 0.7039863375301285, 1.0332944320171749, 0.33075533742617774, 3.5350387713167652, 0.669934803295353, 1.1628124802668782, 0.33444587575969653, 0.7597088157383765, 1.171089652887691, 2.364235424173557, 0.9708501538003672, 0.5296223091736509, 4.757096356949964, 1.6567035449840901, 0.34639987794164334, 0.5416318242130846, 2.1424962859220043, 0.16873963201499295, 1.7842903919966466, 0.8185269554922148, 2.597162282133081, 0.2919357143361836, 1.7961342961956435, 0.8936882979474469, 0.4661696329718788, 0.35826374907515335, 0.30982815209222414, 3.216934598131839, 1.7953321250934364, 3.242766478274055, 1.9239788823084205, 1.7714375846855812, 1.218335189827377, 0.3034986580284551, 0.3104119375466062, 0.35659986504291424, 0.24985760773090193, 0.12736709737158533, 3.3125042850141404, 0.018548697973860852, 3.2906074835150374, 1.200457952285957, 0.4781226720743109, 0.6827770223468819, 6.103968730999123, 1.4316845645699594, 1.3970231562189637, 0.18544549487674575, 0.0997038743374489, 0.46517026653785454, 2.806342586532442, 0.28695585643257243, 0.8277915045985145, 0.1206321457205559, 0.48812781250407206, 2.174286063732689, 1.2989130553253603, 0.744489312781985, 0.399568689726005, 2.5810614481460443, 0.8795655039891427, 0.7904167780396473, 0.4687068632818582, 1.6607829566881065, 1.4071440686623888, 2.245668734820153, 0.2754167916633885, 0.12565925719008664, 1.6118536975180346, 1.3872706896725595, 0.2524000426615663, 5.757127727162672, 2.2313829818702815, 1.4260384766507297, 0.8085452863513878, 4.819672491407273, 3.5882638994104754, 1.2872041429327412, 0.2846990617618126, 0.6863149384168535, 3.1137923731855546, 0.43662816248616365, 0.9526587288239079, 0.1424678737283487, 1.616379723647656, 0.7072201029465222, 3.5655262448978426, 1.463204602525129, 0.17156344372145, 0.5350501575545905, 1.5596193735914745, 0.36910375915412524, 0.9633682313829673, 0.33893153985948765, 1.9814229594051649, 0.5793146306482166, 2.6493851991752333, 1.6142850368451667, 0.14267655143050603, 3.1635558367605188, 2.0421670609017535, 0.6396397361156282, 0.8550696012424479, 0.35666484236060714, 0.22928211415605668, 4.186316808175079, 0.44725032270129494, 1.983034653089517, 0.15497562009109858, 0.21966256504142154, 0.14782785457489891, 2.5718308859307224, 1.540691689302316, 0.36298240169330565, 4.355426745991625, 0.48978945359607867, 0.4480805802798169, 0.7993109956144465, 0.16057194777536582, 0.15148479156881117, 0.3755244310925854, 0.107360278284103, 0.49895502700688976, 1.3400771520104784, 0.7836684386092053, 0.041742835090178336, 0.8733798912860498, 0.6990989999929286, 2.2435435255096854, 0.8488050000246187, 0.6522932468865767, 1.1598713110516525, 0.7221727736914614, 0.9962293368349571, 0.5442198812181207, 3.2144100711603665, 0.4320042018400942, 0.8407982127067443, 1.9149051673098256, 2.829888333192844, 0.3106919241774871, 0.9994631231279689, 3.2184432571304336, 0.5737966953103047, 0.605181185454288, 2.304126440250825, 0.6293749827147964, 2.437671957940404, 0.34719235413844707, 1.1924166153533373, 0.6000559270725185, 0.852965395751534, 3.9006603660901233, 3.1696088241133253, 0.9372698475987387, 2.1689517238853253, 2.9963058555152817, 0.08528378687639805, 0.6905528292692267, 3.7790992440777535, 0.03664959146509306, 2.4821161913894767, 0.8964142233760176, 1.3666540271186711, 0.3051454161005386, 2.178339414304396, 0.2466775430476015, 0.6308631934468527, 1.8567215306736151, 0.43822509824107875, 0.6826306396784566, 1.370159238973448, 0.1045130430301213, 2.4964633237975185, 1.0565543780800166, 0.14694185832682952, 1.490393432383002, 0.10999918980970112, 1.0249433184572885, 1.4790457817975895, 0.07847883709792566, 0.6261863606959851, 0.09124932856509642, 3.266516865065745, 1.2086890285860918, 0.00853535696508975, 0.5577260643458178, 0.9444207810036481, 0.018624698830485144, 0.021503984109867126, 0.12694501615774945, 1.9860060771946744, 1.1179655168119855, 0.814770293644424, 0.27102149460241654, 0.2069702363711927, 1.86662564589266, 0.015320197521253267, 0.005477155637144016, 0.8995766889852903, 0.7386470946567167, 0.13761329484145626, 0.04686019084334002, 0.0030231443099748277, 0.43690663127185847, 1.202926880514326, 0.39617974710304227, 5.492289376732603, 0.6734780204422591, 1.9655637146376317, 0.29162662813060714, 0.8930258580240987, 0.8544325498971957, 1.6683688231577032, 0.9021508369302138, 0.7726998598182933, 4.266337080382661, 0.059927098935237844, 0.2913687167345905, 0.0487045878465368, 0.7022920461829752, 0.02257673217067656, 0.13593249587699396, 0.6956714944844288, 0.7949262373170801, 0.06813265943324058, 2.173483466841729, 0.8890423602596538, 0.49836919590110484, 2.4654064510463582, 0.3743190200013208, 0.21379969610503421, 1.4225585930081102, 0.5871826178713481, 1.8405292668899145, 1.7729480853205897, 1.4842311947303262, 3.0251955571217346, 1.8068074507978287, 1.6104253572959344, 2.172377352084382, 0.03579922960037742, 0.9030921902049945, 0.3024002380555987, 0.30381929261876184, 0.11104188933272571, 1.8416950965031003, 1.3672151278166689, 1.3288173887039059, 0.2540075226621676, 0.19579043555669096, 3.119564328794998, 3.378083605131574, 2.9498380616306963, 1.47388169729731, 0.5034653714461138, 0.705356333677147, 1.7722259297386944, 0.3078951975853993, 2.01654564179919, 0.8951420446687218, 4.172394075290421, 2.533073816440716, 0.312467322502197, 0.5578809316193191, 0.6570585271107381, 0.1621089579414935, 0.7603505332676745, 1.1094473606555277, 0.9279796628077185, 0.4442478661130732, 0.7545295683782437, 0.401465062483657, 0.0498121728993774]","[0.546275303809079, 0.546275303809079, 0.546275303809079, 0.546275303809079, 0.546275303809079, 0.546275303809079, 0.546275303809079, 0.546275303809079, 0.546275303809079, 0.546275303809079, 0.546275303809079, 0.546275303809079, 0.546275303809079, 0.546275303809079, 0.546275303809079, 0.546275303809079, 0.546275303809079, 0.546275303809079, 0.546275303809079, 0.546275303809079, 0.546275303809079, 0.546275303809079, 0.546275303809079, 0.546275303809079, 0.546275303809079, 0.546275303809079, 0.546275303809079, 0.546275303809079, 0.546275303809079, 0.546275303809079, 0.546275303809079, 0.546275303809079, 0.546275303809079, 0.546275303809079, 0.546275303809079, 0.546275303809079, 0.546275303809079, 0.546275303809079, 0.546275303809079, 0.546275303809079, 0.546275303809079, 0.546275303809079, 0.546275303809079, 0.546275303809079, 0.546275303809079, 0.546275303809079, 0.546275303809079, 0.546275303809079, 0.546275303809079, 0.5675993875344824, 0.5675993875344824, 0.5675993875344824, 0.5675993875344824, 0.5675993875344824, 0.5675993875344824, 0.5675993875344824, 0.5675993875344824, 0.5675993875344824, 0.5675993875344824, 0.5675993875344824, 0.5675993875344824, 0.5675993875344824, 0.5675993875344824, 0.5675993875344824, 0.5675993875344824, 0.5675993875344824, 0.5675993875344824, 0.5675993875344824, 0.5675993875344824, 0.5675993875344824, 0.5675993875344824, 0.5675993875344824, 0.5675993875344824, 0.5675993875344824, 0.5675993875344824, 0.5675993875344824, 0.5675993875344824, 0.5675993875344824, 0.5675993875344824, 0.5675993875344824, 0.5675993875344824, 0.5675993875344824, 0.5675993875344824, 0.5675993875344824, 0.5675993875344824, 0.5675993875344824, 0.5675993875344824, 0.5675993875344824, 0.5675993875344824, 0.5675993875344824, 0.5675993875344824, 0.5675993875344824, 0.5675993875344824, 0.5675993875344824, 0.5675993875344824, 0.5675993875344824, 0.5675993875344824, 0.5675993875344824, 0.5675993875344824, 0.5675993875344824, 0.5675993875344824, 0.5675993875344824, 0.5675993875344824, 0.5675993875344824, 0.5675993875344824, 0.5675993875344824, 0.5675993875344824, 0.5675993875344824, 0.5675993875344824, 0.5675993875344824, 0.5675993875344824, 0.5675993875344824, 0.5675993875344824, 0.5675993875344824, 0.5675993875344824, 0.5675993875344824, 0.5675993875344824, 0.5675993875344824, 0.5675993875344824, 0.5675993875344824, 0.5675993875344824, 0.5675993875344824, 0.5675993875344824, 0.5675993875344824, 0.5675993875344824, 0.5675993875344824, 0.5675993875344824, 0.5675993875344824, 0.5675993875344824, 0.5675993875344824, 0.5675993875344824, 0.5675993875344824, 0.5675993875344824, 0.5675993875344824, 0.5675993875344824, 0.5675993875344824, 0.5675993875344824, 0.5675993875344824, 0.5675993875344824, 0.5675993875344824, 0.5675993875344824, 0.5675993875344824, 0.5675993875344824, 0.5675993875344824, 0.5675993875344824, 0.5675993875344824, 0.5675993875344824, 0.5675993875344824, 0.5675993875344824, 0.5675993875344824, 0.5675993875344824, 0.5675993875344824, 0.5675993875344824, 0.5675993875344824, 0.5675993875344824, 0.5675993875344824, 0.5675993875344824, 0.5675993875344824, 0.5675993875344824, 0.5675993875344824, 0.5675993875344824, 0.5675993875344824, 0.5675993875344824, 0.5675993875344824, 0.5675993875344824, 0.5675993875344824, 0.5675993875344824, 0.5675993875344824, 0.5675993875344824, 0.5675993875344824, 0.5675993875344824, 0.5675993875344824, 0.5675993875344824, 0.5675993875344824, 0.5675993875344824, 0.5675993875344824, 0.5675993875344824, 0.5675993875344824, 0.5675993875344824, 0.5675993875344824, 0.5675993875344824, 0.5675993875344824, 0.5675993875344824, 0.5675993875344824, 0.5675993875344824, 0.5675993875344824, 0.5675993875344824, 0.5675993875344824, 0.5675993875344824, 0.5675993875344824, 0.5675993875344824, 0.5675993875344824, 0.5675993875344824, 0.5675993875344824, 0.5675993875344824, 0.5675993875344824, 0.5675993875344824, 0.5675993875344824, 0.5675993875344824, 0.5675993875344824, 0.5675993875344824, 0.5675993875344824, 0.5675993875344824, 0.5675993875344824, 0.5675993875344824, 0.5675993875344824, 0.5675993875344824, 0.5675993875344824, 0.5675993875344824, 0.5675993875344824, 0.5675993875344824, 0.5675993875344824, 0.5675993875344824, 0.5675993875344824, 0.5675993875344824, 0.5675993875344824, 0.5675993875344824, 0.5675993875344824, 0.5675993875344824, 0.5675993875344824, 0.5675993875344824, 0.5675993875344824, 0.5675993875344824, 0.5675993875344824, 0.5675993875344824, 0.5675993875344824, 0.5675993875344824, 0.5675993875344824, 0.5675993875344824, 0.5675993875344824, 0.5675993875344824, 0.5675993875344824, 0.5675993875344824, 0.5675993875344824, 0.5675993875344824, 0.5675993875344824, 0.5675993875344824, 0.5675993875344824, 0.5675993875344824, 0.5675993875344824, 0.5675993875344824, 0.5675993875344824, 0.5675993875344824, 0.5675993875344824, 0.5675993875344824, 0.5675993875344824, 0.5675993875344824, 0.5675993875344824, 0.5675993875344824, 0.5675993875344824, 0.5675993875344824, 0.5675993875344824, 0.5675993875344824, 0.5675993875344824, 0.5675993875344824, 0.5675993875344824, 0.5675993875344824, 0.5675993875344824, 0.5675993875344824, 0.5675993875344824, 0.5675993875344824, 0.5675993875344824, 0.5675993875344824, 0.5675993875344824, 0.5675993875344824, 0.5675993875344824, 0.5675993875344824, 0.5675993875344824, 0.5675993875344824, 0.5675993875344824, 0.5675993875344824, 0.5675993875344824, 0.5675993875344824, 0.5675993875344824, 0.5675993875344824, 0.5675993875344824, 0.5675993875344824, 0.5675993875344824, 0.5675993875344824, 0.5675993875344824, 0.5675993875344824, 0.5675993875344824, 0.5675993875344824, 0.5675993875344824, 0.5675993875344824, 0.5675993875344824, 0.5675993875344824, 0.5675993875344824, 0.5675993875344824, 0.5675993875344824, 0.5675993875344824, 0.5675993875344824, 0.5675993875344824, 0.5675993875344824, 0.5675993875344824, 0.5675993875344824, 0.5675993875344824, 0.5675993875344824, 0.5675993875344824, 0.5675993875344824, 0.5675993875344824, 0.5675993875344824, 0.5675993875344824, 0.5675993875344824, 0.5675993875344824, 0.5675993875344824, 0.5675993875344824, 0.5675993875344824, 0.5675993875344824, 0.5675993875344824, 0.5675993875344824, 0.5675993875344824, 0.5675993875344824, 0.5675993875344824, 0.5675993875344824, 0.5675993875344824, 0.5675993875344824, 0.5675993875344824, 0.5675993875344824, 0.5675993875344824, 0.5675993875344824, 0.5675993875344824, 0.5675993875344824, 0.5675993875344824, 0.5675993875344824, 0.5675993875344824, 0.5675993875344824, 0.5675993875344824, 0.5675993875344824, 0.5675993875344824, 0.5675993875344824, 0.5675993875344824, 0.5675993875344824, 0.5675993875344824, 0.5675993875344824, 0.5675993875344824, 0.5675993875344824, 0.5675993875344824, 0.5675993875344824, 0.5675993875344824, 0.5675993875344824, 0.5675993875344824, 0.5675993875344824, 0.5675993875344824, 0.5675993875344824, 0.5675993875344824, 0.5675993875344824, 0.5675993875344824, 0.5675993875344824, 0.5675993875344824, 0.5675993875344824, 0.5675993875344824, 0.5675993875344824, 0.5675993875344824, 0.5675993875344824, 0.5675993875344824, 0.5675993875344824, 0.5675993875344824, 0.5675993875344824, 0.5675993875344824, 0.5675993875344824, 0.5675993875344824, 0.5675993875344824, 0.5675993875344824, 0.5675993875344824, 0.5675993875344824, 0.5675993875344824, 0.5675993875344824, 0.5675993875344824, 0.5675993875344824, 0.5675993875344824, 0.5675993875344824, 0.5675993875344824, 0.5675993875344824, 0.5675993875344824, 0.5675993875344824, 0.5675993875344824, 0.5675993875344824, 0.5675993875344824, 0.5675993875344824, 0.5675993875344824, 0.5675993875344824, 0.5675993875344824, 0.5675993875344824, 0.5675993875344824, 0.5675993875344824, 0.5675993875344824, 0.5675993875344824, 0.5675993875344824, 0.5675993875344824, 0.5675993875344824, 0.5675993875344824, 0.5675993875344824, 0.5675993875344824, 0.5675993875344824, 0.5675993875344824, 0.5675993875344824, 0.5675993875344824, 0.5675993875344824, 0.5675993875344824, 0.5675993875344824, 0.5675993875344824, 0.5675993875344824, 0.5675993875344824, 0.5675993875344824, 0.5675993875344824, 0.5675993875344824, 0.5675993875344824, 0.5675993875344824, 0.5675993875344824, 0.5675993875344824, 0.5675993875344824, 0.5675993875344824, 0.5675993875344824, 0.5675993875344824, 0.5675993875344824, 0.5675993875344824, 0.5675993875344824, 0.5675993875344824, 0.5675993875344824, 0.5675993875344824, 0.5675993875344824, 0.5675993875344824, 0.5675993875344824, 0.5675993875344824, 0.5675993875344824, 0.5675993875344824, 0.5675993875344824, 0.5675993875344824, 0.5675993875344824, 0.5675993875344824, 0.5675993875344824, 0.5675993875344824, 0.5675993875344824, 0.5675993875344824, 0.5675993875344824, 0.5675993875344824, 0.5675993875344824, 0.5675993875344824, 0.5675993875344824, 0.5675993875344824, 0.5675993875344824, 0.5675993875344824, 0.5675993875344824, 0.5675993875344824, 0.5675993875344824, 0.5675993875344824, 0.5675993875344824, 0.5675993875344824, 0.5675993875344824, 0.5675993875344824, 0.5675993875344824, 0.5675993875344824, 0.5675993875344824, 0.5675993875344824, 0.5675993875344824, 0.5675993875344824, 0.5675993875344824, 0.5675993875344824, 0.5675993875344824, 0.5675993875344824, 0.5675993875344824, 0.5675993875344824, 0.5675993875344824, 0.5675993875344824, 0.5675993875344824, 0.5675993875344824, 0.5675993875344824, 0.5675993875344824, 0.5675993875344824, 0.5675993875344824, 0.5675993875344824, 0.5675993875344824, 0.5675993875344824, 0.5675993875344824, 0.5675993875344824, 0.5675993875344824, 0.5675993875344824, 0.5675993875344824, 0.5675993875344824, 0.5675993875344824, 0.5675993875344824, 0.5675993875344824, 0.5675993875344824, 0.5675993875344824, 0.5675993875344824, 0.5675993875344824, 0.5675993875344824, 0.5675993875344824, 0.5675993875344824, 0.5675993875344824, 0.5675993875344824, 0.5675993875344824, 0.5675993875344824, 0.5675993875344824, 0.5675993875344824, 0.5675993875344824, 0.5675993875344824, 0.5675993875344824, 0.5675993875344824, 0.5675993875344824, 0.5675993875344824, 0.5675993875344824, 0.5675993875344824, 0.5675993875344824, 0.5675993875344824, 0.5675993875344824, 0.5675993875344824, 0.5675993875344824, 0.5675993875344824, 0.5675993875344824, 0.5675993875344824, 0.5675993875344824, 0.5675993875344824, 0.5675993875344824, 0.5675993875344824, 0.5675993875344824, 0.5675993875344824, 0.5675993875344824, 0.5675993875344824, 0.5675993875344824, 0.5675993875344824, 0.5675993875344824, 0.5675993875344824, 0.5675993875344824, 0.5675993875344824, 0.5675993875344824, 0.5675993875344824, 0.5675993875344824, 0.5675993875344824, 0.5675993875344824, 0.5675993875344824, 0.5675993875344824, 0.5675993875344824, 0.5675993875344824, 0.5675993875344824, 0.5675993875344824, 0.5675993875344824, 0.5675993875344824, 0.5675993875344824, 0.5675993875344824, 0.5675993875344824, 0.5675993875344824, 0.5675993875344824, 0.5675993875344824, 0.5675993875344824, 0.5675993875344824, 0.5675993875344824, 0.5675993875344824, 0.5675993875344824, 0.5675993875344824, 0.5675993875344824, 0.5675993875344824, 0.5675993875344824, 0.5675993875344824, 0.5675993875344824, 0.5675993875344824, 0.5675993875344824, 0.5675993875344824, 0.5675993875344824, 0.5675993875344824, 0.5675993875344824, 0.5675993875344824, 0.5675993875344824, 0.5675993875344824, 0.5675993875344824, 0.5675993875344824, 0.5675993875344824, 0.5675993875344824, 0.5675993875344824, 0.5675993875344824, 0.5675993875344824, 0.5675993875344824, 0.5675993875344824, 0.5675993875344824, 0.5675993875344824, 0.5675993875344824, 0.5675993875344824, 0.5675993875344824, 0.5675993875344824, 0.5675993875344824, 0.5675993875344824, 0.5675993875344824, 0.5675993875344824, 0.5675993875344824, 0.5675993875344824, 0.5675993875344824, 0.5675993875344824, 0.5675993875344824, 0.5675993875344824, 0.5675993875344824, 0.5675993875344824, 0.5675993875344824, 0.5675993875344824, 0.5675993875344824, 0.5675993875344824, 0.5675993875344824, 0.5675993875344824, 0.5675993875344824, 0.5675993875344824, 0.5675993875344824, 0.5675993875344824, 0.5675993875344824, 0.5675993875344824, 0.5675993875344824, 0.5675993875344824, 0.5675993875344824, 0.5675993875344824, 0.5675993875344824, 0.5675993875344824, 0.5675993875344824, 0.5675993875344824, 0.5675993875344824, 0.5675993875344824, 0.5675993875344824, 0.5675993875344824, 0.5675993875344824, 0.5675993875344824, 0.5675993875344824, 0.5675993875344824, 0.5675993875344824, 0.5675993875344824, 0.5675993875344824, 0.5675993875344824, 0.5675993875344824, 0.5675993875344824, 0.5675993875344824, 0.5675993875344824, 0.5675993875344824, 0.5675993875344824, 0.5675993875344824, 0.5675993875344824, 0.5675993875344824, 0.5675993875344824, 0.5675993875344824, 0.5675993875344824, 0.5675993875344824, 0.5675993875344824, 0.5675993875344824, 0.5675993875344824, 0.5675993875344824, 0.5675993875344824, 0.5675993875344824, 0.5675993875344824, 0.5675993875344824, 0.5675993875344824, 0.5675993875344824, 0.5675993875344824, 0.5675993875344824, 0.5675993875344824, 0.5675993875344824, 0.5675993875344824, 0.5675993875344824, 0.5675993875344824, 0.5675993875344824, 0.5675993875344824, 0.5675993875344824, 0.5675993875344824, 0.5675993875344824, 0.5675993875344824, 0.5675993875344824, 0.5675993875344824, 0.5675993875344824, 0.5675993875344824, 0.5675993875344824, 0.5675993875344824, 0.5675993875344824, 0.5675993875344824, 0.5675993875344824, 0.5675993875344824, 0.5675993875344824, 0.5675993875344824, 0.5675993875344824, 0.5675993875344824, 0.5675993875344824, 0.5675993875344824, 0.5675993875344824, 0.5675993875344824, 0.5675993875344824, 0.5675993875344824, 0.5675993875344824, 0.5675993875344824, 0.5675993875344824, 0.5675993875344824, 0.5675993875344824, 0.5675993875344824, 0.5675993875344824, 0.5675993875344824, 0.5675993875344824, 0.5675993875344824, 0.5675993875344824, 0.5675993875344824, 0.5675993875344824, 0.5675993875344824, 0.5675993875344824, 0.5675993875344824, 0.5675993875344824, 0.5675993875344824, 0.5675993875344824, 0.5675993875344824, 0.5675993875344824, 0.5675993875344824, 0.5675993875344824, 0.5675993875344824, 0.5675993875344824, 0.5675993875344824, 0.5675993875344824, 0.5675993875344824, 0.5675993875344824, 0.5675993875344824, 0.5675993875344824, 0.5675993875344824, 0.5675993875344824, 0.5675993875344824, 0.5675993875344824, 0.5675993875344824, 0.5675993875344824, 0.5675993875344824, 0.5675993875344824, 0.5675993875344824, 0.5675993875344824, 0.5675993875344824, 0.5675993875344824, 0.5675993875344824, 0.5675993875344824, 0.5675993875344824, 0.5675993875344824, 0.5675993875344824, 0.5675993875344824, 0.5675993875344824, 0.5675993875344824, 0.5675993875344824, 0.5675993875344824, 0.5675993875344824, 0.5675993875344824, 0.5675993875344824, 0.5675993875344824, 0.5675993875344824, 0.5675993875344824, 0.5675993875344824, 0.5675993875344824, 0.5675993875344824, 0.5675993875344824, 0.5675993875344824, 0.5675993875344824, 0.5675993875344824, 0.5675993875344824, 0.5675993875344824, 0.5675993875344824, 0.5675993875344824, 0.5675993875344824, 0.5675993875344824, 0.5675993875344824, 0.5675993875344824, 0.5675993875344824, 0.5675993875344824, 0.5675993875344824, 0.5675993875344824, 0.5675993875344824, 0.5675993875344824, 0.5675993875344824, 0.5675993875344824, 0.5675993875344824, 0.5675993875344824, 0.5675993875344824, 0.5675993875344824, 0.5675993875344824, 0.5675993875344824, 0.5675993875344824, 0.5675993875344824, 0.5675993875344824, 0.5675993875344824, 0.5675993875344824, 0.5675993875344824, 0.5675993875344824, 0.5675993875344824, 0.5675993875344824, 0.5675993875344824, 0.5675993875344824, 0.5675993875344824, 0.5675993875344824, 0.5675993875344824, 0.5675993875344824, 0.5675993875344824, 0.5675993875344824, 0.5675993875344824, 0.5675993875344824, 0.5675993875344824, 0.5675993875344824, 0.5675993875344824, 0.5675993875344824, 0.5675993875344824, 0.5675993875344824, 0.5675993875344824, 0.5675993875344824, 0.5675993875344824, 0.5675993875344824, 0.5675993875344824, 0.5675993875344824, 0.5675993875344824, 0.5675993875344824, 0.5675993875344824, 0.5675993875344824, 0.5675993875344824, 0.5675993875344824, 0.5675993875344824, 0.5675993875344824, 0.5675993875344824, 0.5675993875344824, 0.5675993875344824, 0.5675993875344824, 0.5675993875344824, 0.5675993875344824, 0.5675993875344824, 0.5675993875344824, 0.5675993875344824, 0.5675993875344824, 0.5675993875344824, 0.5675993875344824, 0.5675993875344824, 0.5675993875344824, 0.5675993875344824, 0.5675993875344824, 0.5675993875344824, 0.5675993875344824, 0.5675993875344824, 0.5675993875344824, 0.5675993875344824, 0.5675993875344824, 0.5675993875344824, 0.5675993875344824, 0.5675993875344824, 0.5675993875344824, 0.5675993875344824, 0.5675993875344824, 0.5675993875344824, 0.5675993875344824, 0.5675993875344824, 0.5675993875344824, 0.5675993875344824, 0.5675993875344824, 0.5675993875344824, 0.5675993875344824, 0.5675993875344824, 0.5675993875344824, 0.5675993875344824, 0.5675993875344824, 0.5675993875344824, 0.5675993875344824, 0.5675993875344824, 0.5675993875344824, 0.5675993875344824, 0.5675993875344824, 0.5675993875344824, 0.5675993875344824, 0.5675993875344824, 0.5675993875344824, 0.5675993875344824, 0.5675993875344824, 0.5675993875344824, 0.5675993875344824, 0.5675993875344824, 0.5675993875344824, 0.5675993875344824, 0.5675993875344824, 0.5675993875344824, 0.5675993875344824, 0.5675993875344824, 0.5675993875344824, 0.5675993875344824, 0.5675993875344824, 0.5675993875344824, 0.5675993875344824, 0.5675993875344824, 0.5675993875344824, 0.5675993875344824, 0.5675993875344824, 0.5675993875344824, 0.5675993875344824, 0.5675993875344824, 0.5675993875344824, 0.5675993875344824, 0.5675993875344824, 0.5675993875344824, 0.5675993875344824, 0.5675993875344824, 0.5675993875344824, 0.5675993875344824, 0.5675993875344824, 0.5675993875344824, 0.5675993875344824, 0.5675993875344824, 0.5675993875344824, 0.5675993875344824, 0.5675993875344824, 0.5675993875344824, 0.5675993875344824, 0.5675993875344824, 0.5675993875344824, 0.5675993875344824, 0.5675993875344824, 0.5675993875344824, 0.5675993875344824, 0.5675993875344824, 0.5675993875344824, 0.5675993875344824, 0.5675993875344824, 0.5675993875344824, 0.5675993875344824, 0.5675993875344824, 0.5675993875344824, 0.5675993875344824, 0.5675993875344824, 0.5675993875344824, 0.5675993875344824, 0.5675993875344824, 0.5675993875344824, 0.5675993875344824, 0.5675993875344824, 0.5675993875344824, 0.5675993875344824, 0.5675993875344824, 0.5675993875344824, 0.5675993875344824, 0.5675993875344824, 0.5675993875344824, 0.5675993875344824, 0.5675993875344824, 0.5675993875344824, 0.5675993875344824, 0.5675993875344824, 0.5675993875344824, 0.5675993875344824, 0.5675993875344824, 0.5675993875344824, 0.5675993875344824, 0.5675993875344824, 0.5675993875344824, 0.5675993875344824, 0.5675993875344824, 0.5675993875344824, 0.5675993875344824, 0.5675993875344824, 0.5675993875344824, 0.5675993875344824, 0.5675993875344824, 0.5675993875344824, 0.5675993875344824, 0.5675993875344824, 0.5675993875344824, 0.5675993875344824, 0.5675993875344824, 0.5675993875344824, 0.5675993875344824, 0.5675993875344824, 0.5675993875344824, 0.5675993875344824, 0.5675993875344824, 0.5675993875344824, 0.5675993875344824, 0.5675993875344824, 0.5675993875344824, 0.5675993875344824, 0.5675993875344824, 0.5675993875344824, 0.5675993875344824, 0.5675993875344824, 0.5675993875344824, 0.5675993875344824, 0.5675993875344824, 0.5675993875344824, 0.5675993875344824, 0.5675993875344824, 0.5675993875344824, 0.5675993875344824, 0.5675993875344824, 0.5675993875344824, 0.5675993875344824, 0.5675993875344824, 0.5675993875344824, 0.5675993875344824, 0.5675993875344824, 0.5675993875344824, 0.5675993875344824, 0.5675993875344824, 0.5675993875344824, 0.5675993875344824, 0.5675993875344824, 0.5675993875344824, 0.5675993875344824, 0.5675993875344824, 0.5675993875344824, 0.5675993875344824, 0.5675993875344824, 0.5675993875344824, 0.5675993875344824, 0.5675993875344824, 0.5675993875344824, 0.5675993875344824, 0.5675993875344824, 0.5675993875344824, 0.5675993875344824, 0.5675993875344824, 0.5675993875344824, 0.5675993875344824, 0.5675993875344824, 0.5675993875344824, 0.5675993875344824, 0.5675993875344824, 0.5675993875344824, 0.5675993875344824, 0.5675993875344824, 0.5675993875344824, 0.5675993875344824, 0.5675993875344824, 0.5675993875344824, 0.5675993875344824, 0.5675993875344824, 0.5675993875344824, 0.5675993875344824, 0.5675993875344824, 0.5675993875344824, 0.5675993875344824, 0.5675993875344824, 0.5675993875344824, 0.5675993875344824, 0.5675993875344824, 0.5675993875344824, 0.5675993875344824, 0.5675993875344824, 0.5675993875344824, 0.5675993875344824, 0.5675993875344824, 0.5675993875344824, 0.5675993875344824, 0.5675993875344824, 0.5675993875344824, 0.5675993875344824, 0.5675993875344824, 0.5675993875344824, 0.5675993875344824, 0.5675993875344824, 0.5675993875344824, 0.5675993875344824, 0.5675993875344824, 0.5675993875344824, 0.5675993875344824, 0.5675993875344824, 0.5675993875344824, 0.5675993875344824, 0.5675993875344824, 0.5675993875344824, 0.5675993875344824, 0.5675993875344824, 0.5675993875344824, 0.5675993875344824, 0.5675993875344824, 0.5675993875344824, 0.5675993875344824, 0.5675993875344824, 0.5675993875344824, 0.5675993875344824, 0.5675993875344824, 0.5675993875344824, 0.5675993875344824, 0.5675993875344824, 0.5675993875344824, 0.5675993875344824, 0.5675993875344824, 0.5675993875344824, 0.5675993875344824, 0.5675993875344824, 0.5675993875344824, 0.5675993875344824, 0.5675993875344824, 0.5675993875344824, 0.5675993875344824, 0.5675993875344824, 0.5675993875344824, 0.5675993875344824, 0.5675993875344824, 0.5675993875344824, 0.5675993875344824, 0.5675993875344824, 0.5675993875344824, 0.5675993875344824, 0.5675993875344824, 0.5675993875344824, 0.5675993875344824, 0.5675993875344824, 0.5675993875344824, 0.5675993875344824, 0.5675993875344824, 0.5675993875344824, 0.5675993875344824, 0.5675993875344824, 0.5675993875344824, 0.5675993875344824, 0.5675993875344824, 0.5675993875344824, 0.5675993875344824, 0.5675993875344824, 0.5675993875344824, 0.5675993875344824, 0.5675993875344824, 0.5675993875344824, 0.5675993875344824, 0.5675993875344824, 0.5675993875344824, 0.5675993875344824, 0.5675993875344824, 0.5675993875344824, 0.5675993875344824, 0.5675993875344824, 0.5675993875344824, 0.5675993875344824, 0.5675993875344824, 0.5675993875344824, 0.5675993875344824, 0.5675993875344824, 0.5675993875344824, 0.5675993875344824, 0.5675993875344824, 0.5675993875344824, 0.5675993875344824, 0.5675993875344824, 0.5675993875344824, 0.5675993875344824, 0.5675993875344824, 0.5675993875344824, 0.5675993875344824, 0.5675993875344824, 0.5675993875344824, 0.5675993875344824, 0.5675993875344824, 0.5675993875344824, 0.5675993875344824, 0.5675993875344824, 0.5675993875344824, 0.5675993875344824, 0.5675993875344824, 0.5675993875344824, 0.5675993875344824, 0.5675993875344824, 0.5675993875344824, 0.5675993875344824, 0.5675993875344824, 0.5675993875344824, 0.5675993875344824, 0.5675993875344824, 0.5675993875344824, 0.5675993875344824, 0.5675993875344824, 0.5675993875344824, 0.5675993875344824, 0.5675993875344824, 0.5675993875344824, 0.5675993875344824, 0.5675993875344824, 0.5675993875344824, 0.5675993875344824, 0.5675993875344824, 0.5675993875344824, 0.5675993875344824, 0.5675993875344824, 0.5675993875344824, 0.5675993875344824, 0.5675993875344824, 0.5675993875344824, 0.5675993875344824, 0.5675993875344824, 0.5675993875344824, 0.5675993875344824, 0.5675993875344824, 0.5675993875344824, 0.5675993875344824, 0.5675993875344824, 0.5675993875344824, 0.5675993875344824, 0.5675993875344824, 0.5675993875344824, 0.5675993875344824, 0.5675993875344824, 0.5675993875344824, 0.5675993875344824, 0.5675993875344824, 0.5675993875344824, 0.5675993875344824, 0.5675993875344824, 0.5675993875344824, 0.5675993875344824, 0.5675993875344824, 0.5675993875344824, 0.5675993875344824, 0.5675993875344824, 0.5675993875344824, 0.5675993875344824, 0.5675993875344824, 0.5675993875344824, 0.5675993875344824, 0.5675993875344824, 0.5675993875344824, 0.5675993875344824, 0.5675993875344824, 0.5675993875344824, 0.5675993875344824, 0.5675993875344824, 0.5675993875344824, 0.5675993875344824, 0.5675993875344824, 0.5675993875344824, 0.5675993875344824, 0.5675993875344824, 0.5675993875344824, 0.5675993875344824, 0.5675993875344824, 0.5675993875344824, 0.5675993875344824, 0.5675993875344824, 0.5675993875344824, 0.5675993875344824, 0.5675993875344824, 0.5675993875344824, 0.5675993875344824, 0.5675993875344824, 0.5675993875344824, 0.5675993875344824, 0.5675993875344824, 0.5675993875344824, 0.5675993875344824, 0.5675993875344824, 0.5675993875344824, 0.5933516580012498, 0.5933516580012498, 0.5933516580012498, 0.5675993875344824, 0.5675993875344824, 0.5675993875344824, 0.5675993875344824, 0.5866341417067048, 0.5866341417067048, 0.5866341417067048, 0.5866341417067048, 0.5866341417067048, 0.5866341417067048, 0.5675993875344824, 0.5675993875344824, 0.5675993875344824, 0.5675993875344824, 0.5675993875344824, 0.5675993875344824, 0.5675993875344824, 0.5675993875344824, 0.5866341417067048, 0.5866341417067048, 0.5866341417067048, 0.5866341417067048, 0.5866341417067048, 0.5866341417067048, 0.5866341417067048, 0.5866341417067048, 0.5866341417067048, 0.5866341417067048, 0.5866341417067048, 0.5866341417067048, 0.5933516580012498, 0.5933516580012498, 0.5933516580012498, 0.5933516580012498, 0.5933516580012498, 0.5933516580012498, 0.5933516580012498, 0.5866341417067048, 0.5866341417067048, 0.5866341417067048, 0.5866341417067048, 0.5866341417067048, 0.5866341417067048, 0.5933516580012498, 0.5933516580012498, 0.5933516580012498, 0.5933516580012498, 0.5933516580012498, 0.5933516580012498, 0.5933516580012498, 0.5933516580012498, 0.5933516580012498, 0.5933516580012498, 0.5933516580012498, 0.5933516580012498, 0.5933516580012498, 0.5933516580012498, 0.5933516580012498, 0.5933516580012498, 0.5933516580012498, 0.5933516580012498, 0.5933516580012498, 0.5933516580012498, 0.5933516580012498, 0.5933516580012498, 0.5933516580012498, 0.5933516580012498, 0.5933516580012498, 0.5933516580012498, 0.5933516580012498, 0.5933516580012498, 0.5933516580012498, 0.5933516580012498, 0.5933516580012498, 0.5933516580012498, 0.5933516580012498, 0.5933516580012498, 0.5933516580012498, 0.5933516580012498, 0.5933516580012498, 0.5933516580012498, 0.5933516580012498, 0.5933516580012498, 0.5933516580012498, 0.5933516580012498, 0.5933516580012498, 0.5933516580012498, 0.5933516580012498, 0.5933516580012498, 0.5933516580012498, 0.5933516580012498, 0.5933516580012498, 0.5933516580012498, 0.5933516580012498, 0.5933516580012498, 0.5933516580012498, 0.5933516580012498, 0.5933516580012498, 0.5933516580012498, 0.5933516580012498, 0.5933516580012498, 0.5933516580012498, 0.5933516580012498, 0.5933516580012498, 0.5933516580012498, 0.5933516580012498, 0.5933516580012498, 0.5933516580012498, 0.5933516580012498, 0.5933516580012498, 0.5933516580012498, 0.5933516580012498, 0.5933516580012498, 0.5933516580012498, 0.5933516580012498, 0.5933516580012498, 0.5933516580012498, 0.5933516580012498, 0.5933516580012498, 0.5933516580012498, 0.5933516580012498, 0.5933516580012498, 0.5933516580012498, 0.5933516580012498, 0.5933516580012498, 0.5933516580012498, 0.5933516580012498, 0.5933516580012498, 0.5933516580012498, 0.5933516580012498, 0.5933516580012498, 0.5933516580012498, 0.5933516580012498, 0.5933516580012498, 0.5933516580012498, 0.5933516580012498, 0.5933516580012498, 0.5933516580012498, 0.5933516580012498, 0.5933516580012498, 0.5933516580012498, 0.5933516580012498, 0.5933516580012498, 0.5933516580012498, 0.5933516580012498, 0.5933516580012498, 0.5933516580012498, 0.5933516580012498, 0.5933516580012498, 0.5933516580012498, 0.5933516580012498, 0.5933516580012498, 0.5933516580012498, 0.5933516580012498, 0.5933516580012498, 0.5933516580012498, 0.5933516580012498, 0.5933516580012498, 0.5933516580012498, 0.5933516580012498, 0.5933516580012498, 0.5933516580012498, 0.5933516580012498, 0.5933516580012498, 0.5933516580012498, 0.5933516580012498, 0.5933516580012498, 0.5933516580012498, 0.5933516580012498, 0.5933516580012498, 0.5933516580012498, 0.5933516580012498, 0.5933516580012498, 0.5933516580012498, 0.5933516580012498, 0.5933516580012498, 0.5933516580012498, 0.5933516580012498, 0.5933516580012498, 0.5933516580012498, 0.5933516580012498, 0.5933516580012498, 0.5933516580012498, 0.5933516580012498, 0.5933516580012498, 0.5933516580012498, 0.5933516580012498, 0.5933516580012498, 0.5933516580012498, 0.5933516580012498, 0.5933516580012498, 0.5933516580012498, 0.5933516580012498, 0.5933516580012498, 0.5933516580012498, 0.5933516580012498, 0.5933516580012498, 0.5933516580012498, 0.5933516580012498, 0.5933516580012498, 0.5933516580012498, 0.5933516580012498, 0.5933516580012498, 0.5933516580012498, 0.5933516580012498, 0.5933516580012498, 0.5933516580012498, 0.5933516580012498, 0.5933516580012498, 0.5933516580012498, 0.5933516580012498, 0.5933516580012498, 0.5933516580012498, 0.5933516580012498, 0.5933516580012498, 0.5933516580012498, 0.5933516580012498, 0.5933516580012498, 0.5933516580012498, 0.5933516580012498, 0.5933516580012498, 0.5933516580012498, 0.5933516580012498, 0.5933516580012498, 0.5933516580012498, 0.5933516580012498, 0.5933516580012498, 0.5933516580012498, 0.5933516580012498, 0.5933516580012498, 0.5933516580012498, 0.5933516580012498, 0.5933516580012498, 0.5933516580012498, 0.5933516580012498, 0.5933516580012498, 0.5933516580012498, 0.5933516580012498, 0.5933516580012498, 0.5933516580012498, 0.5933516580012498, 0.5933516580012498, 0.5933516580012498, 0.5933516580012498, 0.5933516580012498, 0.5933516580012498, 0.5933516580012498, 0.6499550625029961, 0.6499550625029961, 0.6499550625029961, 0.6499550625029961, 0.6499550625029961, 0.6499550625029961, 0.6499550625029961, 0.6499550625029961, 0.6499550625029961, 0.6499550625029961, 0.6499550625029961, 0.6499550625029961, 0.6499550625029961, 0.6499550625029961, 0.6499550625029961, 0.6499550625029961, 0.6499550625029961, 0.6499550625029961, 0.6499550625029961, 0.6499550625029961, 0.6499550625029961, 0.6499550625029961, 0.6499550625029961, 0.6499550625029961, 0.6499550625029961, 0.6499550625029961, 0.6499550625029961, 0.6499550625029961, 0.6499550625029961, 0.6499550625029961, 0.6499550625029961, 0.6499550625029961, 0.6499550625029961, 0.6499550625029961, 0.6499550625029961, 0.6499550625029961, 0.6499550625029961, 0.6499550625029961, 0.6499550625029961, 0.6499550625029961, 0.6499550625029961, 0.6499550625029961, 0.6499550625029961, 0.6499550625029961, 0.6499550625029961, 0.6499550625029961, 0.6499550625029961, 0.6499550625029961, 0.6499550625029961, 0.6499550625029961, 0.6499550625029961, 0.6499550625029961, 0.6499550625029961, 0.6499550625029961, 0.6499550625029961, 0.6499550625029961, 0.6499550625029961, 0.6499550625029961, 0.6499550625029961, 0.6499550625029961, 0.6499550625029961, 0.6499550625029961, 0.6499550625029961, 0.6499550625029961, 0.6499550625029961, 0.6499550625029961, 0.6499550625029961, 0.6499550625029961, 0.6499550625029961, 0.6499550625029961, 0.6242027920362286, 0.6242027920362286, 0.6242027920362286, 0.6242027920362286, 0.6242027920362286, 0.6242027920362286, 0.6242027920362286, 0.6242027920362286, 0.6242027920362286, 0.6242027920362286, 0.6242027920362286, 0.6242027920362286, 0.6242027920362286, 0.6242027920362286, 0.6242027920362286, 0.6242027920362286, 0.6242027920362286, 0.6242027920362286, 0.6242027920362286, 0.6242027920362286, 0.6242027920362286, 0.6242027920362286, 0.6242027920362286, 0.6242027920362286, 0.6242027920362286, 0.6242027920362286, 0.6242027920362286, 0.6242027920362286, 0.6242027920362286, 0.6242027920362286, 0.6242027920362286, 0.6242027920362286, 0.6242027920362286, 0.6242027920362286, 0.6242027920362286, 0.6242027920362286, 0.6242027920362286, 0.6242027920362286, 0.6242027920362286, 0.6242027920362286, 0.6242027920362286, 0.6242027920362286, 0.6242027920362286, 0.6242027920362286, 0.6242027920362286, 0.6242027920362286, 0.6242027920362286, 0.6242027920362286, 0.6242027920362286, 0.6242027920362286, 0.6242027920362286, 0.6242027920362286, 0.6242027920362286, 0.6242027920362286, 0.6242027920362286, 0.6242027920362286, 0.6242027920362286, 0.6242027920362286, 0.6242027920362286, 0.6242027920362286, 0.6242027920362286, 0.6242027920362286, 0.6242027920362286, 0.6242027920362286, 0.6242027920362286, 0.6242027920362286, 0.6242027920362286, 0.6242027920362286, 0.6242027920362286, 0.6242027920362286, 0.6242027920362286, 0.6242027920362286, 0.6242027920362286, 0.6242027920362286, 0.6242027920362286, 0.6242027920362286, 0.6242027920362286, 0.6242027920362286, 0.6242027920362286, 0.6242027920362286, 0.6242027920362286, 0.6242027920362286, 0.6242027920362286, 0.6242027920362286, 0.6242027920362286, 0.6242027920362286, 0.6242027920362286, 0.6242027920362286, 0.6242027920362286, 0.6242027920362286, 0.6242027920362286, 0.6242027920362286, 0.6242027920362286, 0.6242027920362286, 0.6242027920362286, 0.6242027920362286, 0.6242027920362286, 0.6242027920362286, 0.6242027920362286, 0.6242027920362286, 0.6242027920362286, 0.6242027920362286, 0.6242027920362286, 0.6242027920362286, 0.6242027920362286, 0.6242027920362286, 0.6242027920362286, 0.6242027920362286, 0.6242027920362286, 0.6242027920362286, 0.6242027920362286, 0.6242027920362286, 0.6242027920362286, 0.6242027920362286, 0.6242027920362286, 0.6242027920362286, 0.6242027920362286, 0.6242027920362286, 0.6242027920362286, 0.6242027920362286, 0.6242027920362286, 0.6242027920362286, 0.6242027920362286, 0.6242027920362286, 0.6242027920362286, 0.6242027920362286, 0.6242027920362286, 0.6242027920362286, 0.6242027920362286, 0.6242027920362286, 0.6242027920362286, 0.6242027920362286, 0.6242027920362286, 0.6242027920362286, 0.6242027920362286, 0.6242027920362286, 0.6242027920362286, 0.6242027920362286, 0.6242027920362286, 0.6242027920362286, 0.6242027920362286, 0.6242027920362286, 0.6242027920362286, 0.6242027920362286, 0.6242027920362286, 0.6242027920362286, 0.6242027920362286, 0.6242027920362286, 0.6242027920362286, 0.6242027920362286, 0.6242027920362286, 0.6242027920362286, 0.6242027920362286, 0.6242027920362286, 0.6242027920362286, 0.6242027920362286, 0.6242027920362286, 0.6242027920362286, 0.6242027920362286, 0.6242027920362286, 0.6242027920362286, 0.6242027920362286, 0.6242027920362286, 0.6242027920362286, 0.6242027920362286, 0.6242027920362286, 0.6242027920362286, 0.6242027920362286, 0.6242027920362286, 0.6242027920362286, 0.6242027920362286, 0.6242027920362286, 0.6242027920362286, 0.6242027920362286, 0.6242027920362286, 0.6242027920362286, 0.6242027920362286, 0.6242027920362286, 0.6242027920362286, 0.6242027920362286, 0.6242027920362286, 0.6242027920362286, 0.6242027920362286, 0.6242027920362286, 0.6242027920362286, 0.6242027920362286, 0.6242027920362286, 0.6242027920362286, 0.6242027920362286, 0.6242027920362286, 0.6242027920362286, 0.6242027920362286, 0.6242027920362286, 0.6242027920362286, 0.6242027920362286, 0.6242027920362286, 0.6242027920362286, 0.6242027920362286, 0.6242027920362286, 0.6242027920362286, 0.6242027920362286, 0.6242027920362286, 0.6242027920362286, 0.6242027920362286, 0.6242027920362286, 0.6242027920362286, 0.6242027920362286, 0.6242027920362286, 0.6242027920362286, 0.6242027920362286, 0.6242027920362286, 0.6242027920362286, 0.6242027920362286, 0.6242027920362286, 0.6242027920362286, 0.6242027920362286, 0.6242027920362286, 0.6242027920362286, 0.6242027920362286, 0.6242027920362286, 0.6242027920362286, 0.6242027920362286, 0.6242027920362286, 0.6242027920362286, 0.6242027920362286, 0.6242027920362286, 0.6242027920362286, 0.6242027920362286, 0.6242027920362286, 0.6242027920362286, 0.6242027920362286, 0.6242027920362286, 0.6242027920362286, 0.6242027920362286, 0.6242027920362286, 0.6242027920362286, 0.6242027920362286, 0.6242027920362286, 0.6242027920362286, 0.6242027920362286, 0.6242027920362286, 0.6242027920362286, 0.6242027920362286, 0.6242027920362286, 0.6242027920362286, 0.6242027920362286, 0.6242027920362286, 0.6242027920362286, 0.6242027920362286, 0.6242027920362286, 0.6242027920362286, 0.6242027920362286, 0.6242027920362286, 0.6242027920362286, 0.6242027920362286, 0.6242027920362286, 0.6242027920362286, 0.6242027920362286, 0.6242027920362286, 0.6242027920362286, 0.6242027920362286, 0.6242027920362286, 0.6242027920362286, 0.6242027920362286, 0.6242027920362286, 0.6242027920362286, 0.6242027920362286, 0.6242027920362286, 0.6242027920362286, 0.6242027920362286, 0.6242027920362286, 0.6242027920362286, 0.6242027920362286, 0.6242027920362286, 0.6242027920362286, 0.6242027920362286, 0.6242027920362286, 0.6242027920362286, 0.6242027920362286, 0.6242027920362286, 0.6242027920362286, 0.6242027920362286, 0.6242027920362286, 0.6242027920362286, 0.6242027920362286, 0.6242027920362286, 0.6242027920362286, 0.6242027920362286, 0.6242027920362286, 0.6242027920362286, 0.6242027920362286, 0.6242027920362286, 0.6242027920362286, 0.6242027920362286, 0.6242027920362286, 0.6242027920362286, 0.6242027920362286, 0.6242027920362286, 0.6242027920362286, 0.6242027920362286, 0.6242027920362286, 0.6242027920362286, 0.6242027920362286, 0.6242027920362286, 0.6242027920362286, 0.6242027920362286, 0.6242027920362286, 0.6242027920362286, 0.6242027920362286, 0.6242027920362286, 0.6242027920362286, 0.6242027920362286, 0.6242027920362286, 0.6242027920362286, 0.6242027920362286, 0.6242027920362286, 0.6242027920362286, 0.6242027920362286, 0.6242027920362286, 0.6242027920362286, 0.6242027920362286, 0.6242027920362286, 0.6242027920362286, 0.6242027920362286, 0.6242027920362286, 0.6242027920362286, 0.6242027920362286, 0.6242027920362286, 0.6242027920362286, 0.6242027920362286, 0.6242027920362286, 0.6242027920362286, 0.6242027920362286, 0.6242027920362286, 0.6242027920362286, 0.6242027920362286, 0.6242027920362286, 0.6242027920362286, 0.6242027920362286, 0.6242027920362286, 0.6242027920362286, 0.6242027920362286, 0.6242027920362286, 0.6242027920362286, 0.6242027920362286, 0.6242027920362286, 0.6242027920362286, 0.6242027920362286, 0.6242027920362286, 0.6242027920362286, 0.6242027920362286, 0.6242027920362286, 0.6242027920362286, 0.6242027920362286, 0.6242027920362286, 0.6242027920362286, 0.6242027920362286, 0.6242027920362286, 0.6242027920362286, 0.6242027920362286, 0.6242027920362286, 0.6242027920362286, 0.6242027920362286, 0.6242027920362286, 0.6242027920362286, 0.6242027920362286, 0.6242027920362286, 0.6242027920362286, 0.6242027920362286, 0.6242027920362286, 0.6242027920362286, 0.6242027920362286, 0.6242027920362286, 0.6242027920362286, 0.6242027920362286, 0.6242027920362286, 0.6242027920362286, 0.6242027920362286, 0.6242027920362286, 0.6242027920362286, 0.6242027920362286, 0.6242027920362286, 0.6242027920362286, 0.6242027920362286, 0.6242027920362286, 0.6242027920362286, 0.6242027920362286, 0.6242027920362286, 0.6242027920362286, 0.6242027920362286, 0.6242027920362286, 0.6242027920362286, 0.6242027920362286, 0.6242027920362286, 0.6242027920362286, 0.6242027920362286, 0.6242027920362286, 0.6242027920362286, 0.6242027920362286, 0.6242027920362286, 0.6242027920362286, 0.6242027920362286, 0.6242027920362286, 0.6242027920362286, 0.6242027920362286, 0.6242027920362286, 0.6242027920362286, 0.6242027920362286, 0.6242027920362286, 0.6242027920362286, 0.6242027920362286, 0.6242027920362286, 0.6242027920362286, 0.6242027920362286, 0.6242027920362286, 0.6242027920362286, 0.6242027920362286, 0.6242027920362286, 0.6242027920362286, 0.6242027920362286, 0.6242027920362286, 0.6242027920362286, 0.6242027920362286, 0.6242027920362286, 0.6242027920362286, 0.6242027920362286, 0.6242027920362286, 0.6242027920362286, 0.6242027920362286, 0.6242027920362286, 0.6242027920362286, 0.6242027920362286, 0.6242027920362286, 0.6242027920362286, 0.6242027920362286, 0.6242027920362286, 0.6242027920362286, 0.6242027920362286, 0.6242027920362286, 0.6242027920362286, 0.6242027920362286, 0.6242027920362286, 0.6242027920362286, 0.6242027920362286, 0.6242027920362286, 0.6242027920362286, 0.6242027920362286, 0.6242027920362286, 0.6242027920362286, 0.6242027920362286, 0.6242027920362286, 0.6242027920362286, 0.6242027920362286, 0.6242027920362286, 0.6242027920362286, 0.6242027920362286, 0.6242027920362286, 0.6432375462084511, 0.6432375462084511, 0.6432375462084511, 0.6432375462084511, 0.6432375462084511, 0.6432375462084511, 0.6432375462084511, 0.6432375462084511, 0.6432375462084511, 0.6432375462084511, 0.6432375462084511, 0.6432375462084511, 0.6432375462084511, 0.6432375462084511, 0.6432375462084511, 0.6432375462084511, 0.6432375462084511, 0.6432375462084511, 0.6432375462084511, 0.6432375462084511, 0.6432375462084511, 0.6432375462084511, 0.6432375462084511, 0.6432375462084511, 0.6432375462084511, 0.6432375462084511, 0.6432375462084511, 0.6432375462084511, 0.6432375462084511, 0.6432375462084511, 0.6432375462084511, 0.6432375462084511, 0.6432375462084511, 0.6432375462084511, 0.6432375462084511, 0.6432375462084511, 0.6432375462084511, 0.6432375462084511, 0.6432375462084511, 0.6432375462084511, 0.6432375462084511, 0.6432375462084511, 0.6432375462084511, 0.6432375462084511, 0.6432375462084511, 0.6432375462084511, 0.6432375462084511, 0.6432375462084511, 0.6432375462084511, 0.6432375462084511, 0.6432375462084511, 0.6432375462084511, 0.6432375462084511, 0.6432375462084511, 0.6432375462084511, 0.6432375462084511, 0.6432375462084511, 0.6432375462084511, 0.6432375462084511, 0.6432375462084511, 0.6432375462084511, 0.6432375462084511, 0.6432375462084511, 0.6432375462084511, 0.6432375462084511, 0.6432375462084511, 0.6432375462084511, 0.6432375462084511, 0.6432375462084511, 0.6432375462084511, 0.6432375462084511, 0.6432375462084511, 0.6432375462084511, 0.6432375462084511, 0.6432375462084511, 0.6432375462084511, 0.6432375462084511, 0.6432375462084511, 0.6432375462084511, 0.6432375462084511, 0.6432375462084511, 0.6432375462084511, 0.6432375462084511, 0.6432375462084511, 0.6432375462084511, 0.6432375462084511, 0.6432375462084511, 0.6432375462084511, 0.6432375462084511, 0.6432375462084511, 0.6432375462084511, 0.6432375462084511, 0.6432375462084511, 0.6432375462084511, 0.6432375462084511, 0.6432375462084511, 0.6432375462084511, 0.6432375462084511, 0.6432375462084511, 0.6432375462084511, 0.6432375462084511, 0.6432375462084511, 0.6432375462084511, 0.6432375462084511, 0.6432375462084511, 0.6432375462084511, 0.6432375462084511, 0.6432375462084511, 0.6432375462084511, 0.6432375462084511, 0.6432375462084511, 0.6432375462084511, 0.6432375462084511, 0.6432375462084511, 0.6432375462084511, 0.6432375462084511, 0.6432375462084511, 0.6432375462084511, 0.6432375462084511, 0.6432375462084511, 0.6432375462084511, 0.6432375462084511, 0.6432375462084511, 0.6432375462084511, 0.6432375462084511, 0.6432375462084511, 0.6432375462084511, 0.6432375462084511, 0.6432375462084511, 0.6432375462084511, 0.6432375462084511, 0.6432375462084511, 0.6432375462084511, 0.6432375462084511, 0.6432375462084511, 0.6432375462084511, 0.6432375462084511, 0.6432375462084511, 0.6432375462084511, 0.6432375462084511, 0.6432375462084511, 0.6432375462084511, 0.6432375462084511, 0.6432375462084511, 0.6432375462084511, 0.6432375462084511, 0.6432375462084511, 0.6432375462084511, 0.6432375462084511, 0.6432375462084511, 0.6432375462084511, 0.6432375462084511, 0.6432375462084511, 0.6432375462084511, 0.6432375462084511, 0.6432375462084511, 0.6432375462084511, 0.6432375462084511, 0.6432375462084511, 0.6432375462084511, 0.6432375462084511, 0.6432375462084511, 0.6432375462084511, 0.6432375462084511, 0.6432375462084511, 0.6432375462084511, 0.6432375462084511, 0.6432375462084511, 0.6432375462084511, 0.6432375462084511, 0.6432375462084511, 0.6432375462084511, 0.6432375462084511, 0.6432375462084511, 0.6432375462084511, 0.6432375462084511, 0.6432375462084511, 0.6432375462084511, 0.6432375462084511, 0.6432375462084511, 0.6432375462084511, 0.6432375462084511, 0.6432375462084511, 0.6432375462084511, 0.6432375462084511, 0.6432375462084511, 0.6432375462084511, 0.6432375462084511, 0.6432375462084511, 0.6432375462084511, 0.6432375462084511, 0.6432375462084511, 0.6432375462084511, 0.6432375462084511, 0.6432375462084511, 0.6432375462084511, 0.6432375462084511, 0.6432375462084511, 0.6432375462084511, 0.6432375462084511, 0.6432375462084511, 0.6432375462084511, 0.6432375462084511, 0.6432375462084511, 0.6432375462084511, 0.6432375462084511, 0.6432375462084511, 0.6432375462084511, 0.6432375462084511, 0.6432375462084511, 0.6432375462084511, 0.6432375462084511, 0.6432375462084511, 0.6432375462084511, 0.6432375462084511, 0.6432375462084511, 0.6432375462084511, 0.6432375462084511, 0.6432375462084511, 0.6432375462084511, 0.6432375462084511, 0.6432375462084511, 0.6432375462084511, 0.6432375462084511, 0.6432375462084511, 0.6432375462084511, 0.6432375462084511, 0.6432375462084511, 0.6432375462084511, 0.6432375462084511, 0.6432375462084511, 0.6432375462084511, 0.6432375462084511, 0.6432375462084511, 0.6432375462084511, 0.6432375462084511, 0.6432375462084511, 0.6432375462084511, 0.6432375462084511, 0.6432375462084511, 0.6432375462084511, 0.6432375462084511, 0.6432375462084511, 0.6432375462084511, 0.6432375462084511, 0.6432375462084511, 0.6432375462084511, 0.6432375462084511, 0.6432375462084511, 0.6432375462084511, 0.6432375462084511, 0.6432375462084511, 0.6432375462084511, 0.6432375462084511, 0.6432375462084511, 0.6432375462084511, 0.6432375462084511, 0.6432375462084511, 0.6432375462084511, 0.6432375462084511, 0.6432375462084511, 0.6432375462084511, 0.6432375462084511, 0.6432375462084511, 0.6432375462084511, 0.6518359670654686, 0.6518359670654686, 0.6518359670654686, 0.6518359670654686, 0.6518359670654686, 0.6518359670654686, 0.6518359670654686, 0.6518359670654686, 0.6518359670654686, 0.6518359670654686, 0.6518359670654686, 0.6518359670654686, 0.6518359670654686, 0.6518359670654686, 0.6518359670654686, 0.6518359670654686, 0.6518359670654686, 0.6518359670654686, 0.6518359670654686, 0.6518359670654686, 0.6518359670654686, 0.6518359670654686, 0.6518359670654686, 0.6518359670654686, 0.6518359670654686, 0.6518359670654686, 0.6518359670654686, 0.6518359670654686, 0.6518359670654686, 0.6518359670654686, 0.6518359670654686, 0.6518359670654686, 0.6518359670654686, 0.6518359670654686, 0.6518359670654686, 0.6518359670654686, 0.6518359670654686, 0.6518359670654686, 0.6518359670654686, 0.6518359670654686, 0.6518359670654686, 0.6518359670654686, 0.6518359670654686, 0.6518359670654686, 0.6518359670654686, 0.6518359670654686, 0.6518359670654686, 0.6518359670654686, 0.6518359670654686, 0.6518359670654686, 0.6518359670654686, 0.6518359670654686, 0.6518359670654686, 0.6518359670654686, 0.6518359670654686, 0.6518359670654686, 0.6518359670654686, 0.6518359670654686, 0.6518359670654686, 0.6518359670654686, 0.6518359670654686, 0.6518359670654686, 0.6518359670654686, 0.6518359670654686, 0.6518359670654686, 0.6518359670654686, 0.6518359670654686, 0.6518359670654686, 0.6518359670654686, 0.6518359670654686, 0.6518359670654686, 0.6518359670654686, 0.6518359670654686, 0.6518359670654686, 0.6518359670654686, 0.6518359670654686, 0.6518359670654686, 0.6518359670654686, 0.6518359670654686, 0.6518359670654686, 0.6518359670654686, 0.6518359670654686, 0.6518359670654686, 0.6518359670654686, 0.6518359670654686, 0.6518359670654686, 0.6518359670654686, 0.6518359670654686, 0.6518359670654686, 0.6518359670654686, 0.6518359670654686, 0.6518359670654686, 0.6518359670654686, 0.6518359670654686, 0.6518359670654686, 0.6518359670654686, 0.6518359670654686, 0.6518359670654686, 0.6518359670654686, 0.6518359670654686, 0.6518359670654686, 0.6518359670654686, 0.6518359670654686, 0.6518359670654686, 0.6518359670654686, 0.6518359670654686, 0.6518359670654686, 0.6518359670654686, 0.6518359670654686, 0.6518359670654686, 0.6518359670654686, 0.6518359670654686, 0.6518359670654686, 0.6518359670654686, 0.6518359670654686, 0.6518359670654686, 0.6518359670654686, 0.6518359670654686, 0.6518359670654686, 0.6518359670654686, 0.6518359670654686, 0.6518359670654686, 0.6518359670654686, 0.6518359670654686, 0.6518359670654686, 0.6518359670654686, 0.6518359670654686, 0.6518359670654686, 0.6518359670654686, 0.6518359670654686, 0.6518359670654686, 0.6518359670654686, 0.6518359670654686, 0.6518359670654686, 0.6518359670654686, 0.6518359670654686, 0.6518359670654686, 0.6518359670654686, 0.6518359670654686, 0.6518359670654686, 0.6518359670654686, 0.6518359670654686, 0.6518359670654686, 0.6518359670654686, 0.6518359670654686, 0.6518359670654686, 0.6518359670654686, 0.6518359670654686, 0.6518359670654686, 0.6518359670654686, 0.6518359670654686, 0.6518359670654686, 0.6518359670654686, 0.6518359670654686, 0.6518359670654686, 0.6518359670654686, 0.6518359670654686, 0.6518359670654686, 0.6518359670654686, 0.6518359670654686, 0.6518359670654686, 0.6518359670654686, 0.6518359670654686, 0.6518359670654686, 0.6518359670654686, 0.6518359670654686, 0.6518359670654686, 0.6518359670654686, 0.6518359670654686, 0.6518359670654686, 0.6518359670654686, 0.6518359670654686, 0.6518359670654686, 0.6518359670654686, 0.6518359670654686, 0.6518359670654686, 0.6518359670654686, 0.6518359670654686, 0.6518359670654686, 0.6518359670654686, 0.6518359670654686, 0.6518359670654686, 0.6518359670654686, 0.6518359670654686, 0.6518359670654686, 0.6518359670654686, 0.6518359670654686, 0.6518359670654686, 0.6518359670654686, 0.6518359670654686, 0.6518359670654686, 0.6518359670654686, 0.6518359670654686, 0.6518359670654686, 0.6518359670654686, 0.6518359670654686, 0.6518359670654686, 0.6518359670654686, 0.6518359670654686, 0.6518359670654686, 0.6518359670654686, 0.6518359670654686, 0.6518359670654686, 0.6518359670654686, 0.6518359670654686, 0.6518359670654686, 0.6518359670654686, 0.6518359670654686, 0.6518359670654686, 0.6518359670654686, 0.6518359670654686, 0.6518359670654686, 0.6518359670654686, 0.6518359670654686, 0.6518359670654686, 0.6518359670654686, 0.6518359670654686, 0.6518359670654686, 0.6518359670654686, 0.6518359670654686, 0.6518359670654686, 0.6518359670654686, 0.6518359670654686, 0.6518359670654686, 0.6518359670654686, 0.6518359670654686, 0.6518359670654686, 0.6518359670654686, 0.6518359670654686, 0.6518359670654686, 0.6518359670654686, 0.6518359670654686, 0.6518359670654686, 0.6518359670654686, 0.6518359670654686, 0.6518359670654686, 0.6518359670654686, 0.6518359670654686, 0.6518359670654686, 0.6518359670654686, 0.6518359670654686, 0.6518359670654686, 0.6518359670654686, 0.6518359670654686, 0.6518359670654686, 0.6518359670654686, 0.6518359670654686, 0.6518359670654686, 0.6518359670654686, 0.6518359670654686, 0.6518359670654686, 0.6518359670654686, 0.6518359670654686, 0.6518359670654686, 0.6518359670654686, 0.6518359670654686, 0.6518359670654686, 0.6518359670654686, 0.6518359670654686, 0.6518359670654686, 0.6518359670654686, 0.6518359670654686, 0.6518359670654686, 0.6518359670654686, 0.6518359670654686, 0.6518359670654686, 0.6518359670654686, 0.6518359670654686, 0.6518359670654686, 0.6518359670654686, 0.6518359670654686, 0.6518359670654686, 0.6518359670654686, 0.6518359670654686, 0.6518359670654686, 0.6518359670654686, 0.6518359670654686, 0.6518359670654686, 0.6518359670654686, 0.6518359670654686, 0.6518359670654686, 0.6518359670654686, 0.6518359670654686, 0.6518359670654686, 0.6518359670654686, 0.6518359670654686, 0.6518359670654686, 0.6518359670654686, 0.6518359670654686, 0.6518359670654686, 0.6518359670654686, 0.6518359670654686, 0.6518359670654686, 0.6518359670654686, 0.6518359670654686, 0.6518359670654686, 0.6518359670654686, 0.6518359670654686, 0.6518359670654686, 0.6518359670654686, 0.6518359670654686, 0.6518359670654686, 0.6518359670654686, 0.6518359670654686, 0.6518359670654686, 0.6518359670654686, 0.6518359670654686, 0.6518359670654686, 0.6518359670654686, 0.6518359670654686, 0.6518359670654686, 0.6518359670654686, 0.6518359670654686, 0.6518359670654686, 0.6518359670654686, 0.6518359670654686, 0.6689898166752185, 0.6689898166752185, 0.6689898166752185, 0.6689898166752185, 0.6689898166752185, 0.6689898166752185, 0.6689898166752185, 0.6689898166752185, 0.6689898166752185, 0.6689898166752185, 0.6689898166752185, 0.6689898166752185, 0.6689898166752185, 0.6689898166752185, 0.6689898166752185, 0.6689898166752185, 0.6689898166752185, 0.6689898166752185, 0.6689898166752185, 0.6689898166752185, 0.6689898166752185, 0.6689898166752185, 0.6689898166752185, 0.6689898166752185, 0.6689898166752185, 0.6689898166752185, 0.6689898166752185, 0.6689898166752185, 0.6689898166752185, 0.6689898166752185, 0.6689898166752185, 0.6689898166752185, 0.6689898166752185, 0.6689898166752185, 0.6689898166752185, 0.6689898166752185, 0.6689898166752185, 0.6689898166752185, 0.6689898166752185, 0.6689898166752185, 0.6689898166752185, 0.6689898166752185, 0.6689898166752185, 0.6689898166752185, 0.6689898166752185, 0.6689898166752185, 0.6689898166752185, 0.6689898166752185, 0.6689898166752185, 0.6689898166752185, 0.6689898166752185, 0.6689898166752185, 0.6689898166752185, 0.6689898166752185, 0.6689898166752185, 0.6689898166752185, 0.6689898166752185, 0.6689898166752185, 0.6689898166752185, 0.6689898166752185, 0.6689898166752185, 0.6689898166752185, 0.6689898166752185, 0.6689898166752185, 0.6689898166752185, 0.6689898166752185, 0.6689898166752185, 0.6689898166752185, 0.6689898166752185, 0.6689898166752185, 0.6689898166752185, 0.6689898166752185, 0.6689898166752185, 0.6689898166752185, 0.6689898166752185, 0.6689898166752185, 0.6689898166752185, 0.6689898166752185, 0.6689898166752185, 0.6689898166752185, 0.6689898166752185, 0.6689898166752185, 0.6689898166752185, 0.6689898166752185, 0.6689898166752185, 0.6689898166752185, 0.6689898166752185, 0.6689898166752185, 0.6689898166752185, 0.6689898166752185, 0.6689898166752185, 0.6689898166752185, 0.6689898166752185, 0.6689898166752185, 0.6689898166752185, 0.6689898166752185, 0.6689898166752185, 0.6689898166752185, 0.6689898166752185, 0.6689898166752185, 0.6689898166752185, 0.6689898166752185, 0.6689898166752185, 0.6689898166752185, 0.6689898166752185, 0.6689898166752185, 0.6689898166752185, 0.6689898166752185, 0.6689898166752185, 0.6689898166752185, 0.6689898166752185, 0.6689898166752185, 0.6689898166752185, 0.6689898166752185, 0.6689898166752185, 0.6689898166752185, 0.6689898166752185, 0.6689898166752185, 0.6689898166752185, 0.6689898166752185, 0.6775882375322361, 0.6775882375322361, 0.6775882375322361, 0.6775882375322361, 0.6775882375322361, 0.6775882375322361, 0.6775882375322361, 0.6775882375322361, 0.6775882375322361, 0.6775882375322361, 0.6775882375322361, 0.6775882375322361, 0.6775882375322361, 0.6775882375322361, 0.6775882375322361, 0.6775882375322361, 0.6775882375322361, 0.6775882375322361, 0.6775882375322361, 0.6775882375322361, 0.6775882375322361, 0.6775882375322361, 0.6775882375322361, 0.6775882375322361, 0.6775882375322361, 0.6775882375322361, 0.6775882375322361, 0.6775882375322361, 0.6775882375322361, 0.6775882375322361, 0.6775882375322361, 0.6775882375322361, 0.6775882375322361, 0.6775882375322361, 0.6775882375322361, 0.6775882375322361, 0.6775882375322361, 0.6775882375322361, 0.6775882375322361, 0.6775882375322361, 0.6775882375322361, 0.6775882375322361, 0.6775882375322361, 0.6775882375322361, 0.6775882375322361, 0.6775882375322361, 0.6775882375322361, 0.6775882375322361, 0.6775882375322361, 0.6775882375322361, 0.6775882375322361, 0.6775882375322361, 0.6775882375322361, 0.6775882375322361, 0.6775882375322361, 0.6775882375322361, 0.6775882375322361, 0.6775882375322361, 0.6775882375322361, 0.6775882375322361, 0.6775882375322361, 0.6775882375322361, 0.6775882375322361, 0.6775882375322361, 0.6775882375322361, 0.6775882375322361, 0.6775882375322361, 0.6775882375322361, 0.6775882375322361, 0.6775882375322361, 0.6775882375322361, 0.6775882375322361, 0.6775882375322361, 0.6775882375322361, 0.6775882375322361, 0.6775882375322361, 0.6775882375322361, 0.6775882375322361, 0.6775882375322361, 0.6775882375322361, 0.6775882375322361, 0.6775882375322361, 0.6775882375322361, 0.6775882375322361, 0.6775882375322361, 0.6775882375322361, 0.6775882375322361, 0.6775882375322361, 0.6775882375322361, 0.6775882375322361, 0.6775882375322361, 0.6775882375322361, 0.6775882375322361, 0.6775882375322361, 0.6775882375322361, 0.6775882375322361, 0.6775882375322361, 0.6775882375322361, 0.6775882375322361, 0.6775882375322361, 0.6775882375322361, 0.6775882375322361, 0.6775882375322361, 0.6775882375322361, 0.6775882375322361, 0.6775882375322361, 0.6775882375322361, 0.6775882375322361, 0.6775882375322361, 0.6775882375322361, 0.6775882375322361, 0.6775882375322361, 0.6775882375322361, 0.6775882375322361, 0.6775882375322361, 0.6775882375322361, 0.6775882375322361, 0.6775882375322361, 0.6775882375322361, 0.6775882375322361, 0.6775882375322361, 0.6775882375322361, 0.6775882375322361, 0.6775882375322361, 0.6775882375322361, 0.6775882375322361, 0.6775882375322361, 0.6775882375322361, 0.6775882375322361, 0.6775882375322361, 0.6775882375322361, 0.6775882375322361, 0.6775882375322361, 0.6775882375322361, 0.6775882375322361, 0.6775882375322361, 0.6775882375322361, 0.6775882375322361, 0.6775882375322361, 0.6775882375322361, 0.6775882375322361, 0.6775882375322361, 0.6775882375322361, 0.6775882375322361, 0.6775882375322361, 0.6775882375322361, 0.6775882375322361, 0.6775882375322361, 0.6775882375322361, 0.6775882375322361, 0.6775882375322361, 0.6775882375322361, 0.6775882375322361, 0.6775882375322361, 0.6775882375322361, 0.6775882375322361, 0.6775882375322361, 0.6775882375322361, 0.6775882375322361, 0.6775882375322361, 0.6775882375322361, 0.6775882375322361, 0.6775882375322361, 0.6775882375322361, 0.6775882375322361, 0.6775882375322361, 0.6775882375322361, 0.6775882375322361, 0.6775882375322361, 0.6775882375322361, 0.6775882375322361, 0.6775882375322361, 0.6775882375322361, 0.6775882375322361, 0.6775882375322361, 0.6775882375322361, 0.6775882375322361, 0.6775882375322361, 0.6775882375322361, 0.6775882375322361, 0.6775882375322361, 0.6775882375322361, 0.6775882375322361, 0.6775882375322361, 0.6775882375322361, 0.6775882375322361, 0.705576097421828, 0.705576097421828, 0.705576097421828, 0.705576097421828, 0.705576097421828, 0.705576097421828, 0.705576097421828, 0.705576097421828, 0.705576097421828, 0.705576097421828, 0.705576097421828, 0.705576097421828, 0.705576097421828, 0.705576097421828, 0.705576097421828, 0.705576097421828, 0.705576097421828, 0.705576097421828, 0.705576097421828, 0.705576097421828, 0.705576097421828, 0.705576097421828, 0.705576097421828, 0.705576097421828, 0.705576097421828, 0.705576097421828, 0.705576097421828, 0.705576097421828, 0.705576097421828, 0.705576097421828, 0.705576097421828, 0.705576097421828, 0.705576097421828, 0.705576097421828, 0.705576097421828, 0.705576097421828, 0.705576097421828, 0.705576097421828, 0.705576097421828, 0.705576097421828, 0.705576097421828, 0.705576097421828, 0.705576097421828, 0.705576097421828, 0.705576097421828, 0.705576097421828, 0.705576097421828, 0.705576097421828, 0.705576097421828, 0.705576097421828, 0.705576097421828, 0.705576097421828, 0.705576097421828, 0.705576097421828, 0.705576097421828, 0.705576097421828, 0.705576097421828, 0.705576097421828, 0.705576097421828, 0.705576097421828, 0.705576097421828, 0.705576097421828, 0.705576097421828, 0.705576097421828, 0.705576097421828, 0.705576097421828, 0.705576097421828, 0.705576097421828, 0.705576097421828, 0.705576097421828, 0.705576097421828, 0.705576097421828, 0.705576097421828, 0.705576097421828, 0.705576097421828, 0.705576097421828, 0.705576097421828, 0.705576097421828, 0.705576097421828, 0.705576097421828, 0.705576097421828, 0.705576097421828, 0.705576097421828, 0.705576097421828, 0.705576097421828, 0.705576097421828, 0.705576097421828, 0.705576097421828, 0.705576097421828, 0.705576097421828, 0.705576097421828, 0.705576097421828, 0.705576097421828, 0.705576097421828, 0.705576097421828, 0.705576097421828, 0.705576097421828, 0.705576097421828, 0.705576097421828, 0.705576097421828, 0.705576097421828, 0.705576097421828, 0.705576097421828, 0.705576097421828, 0.705576097421828, 0.705576097421828, 0.705576097421828, 0.705576097421828, 0.705576097421828, 0.705576097421828, 0.705576097421828, 0.705576097421828, 0.705576097421828, 0.705576097421828, 0.705576097421828, 0.705576097421828, 0.705576097421828, 0.705576097421828, 0.705576097421828, 0.705576097421828, 0.705576097421828, 0.705576097421828, 0.705576097421828, 0.705576097421828, 0.705576097421828, 0.705576097421828, 0.705576097421828, 0.705576097421828, 0.705576097421828, 0.705576097421828, 0.705576097421828, 0.705576097421828, 0.705576097421828, 0.705576097421828, 0.705576097421828, 0.705576097421828, 0.705576097421828, 0.705576097421828, 0.705576097421828, 0.705576097421828, 0.705576097421828, 0.705576097421828, 0.705576097421828, 0.705576097421828, 0.705576097421828, 0.705576097421828, 0.705576097421828, 0.705576097421828, 0.705576097421828, 0.705576097421828, 0.705576097421828, 0.705576097421828, 0.705576097421828, 0.705576097421828, 0.705576097421828, 0.705576097421828, 0.705576097421828, 0.705576097421828, 0.705576097421828, 0.705576097421828, 0.705576097421828, 0.705576097421828, 0.705576097421828, 0.705576097421828, 0.705576097421828, 0.705576097421828, 0.705576097421828, 0.705576097421828, 0.705576097421828, 0.705576097421828, 0.705576097421828, 0.705576097421828, 0.705576097421828, 0.705576097421828, 0.705576097421828, 0.705576097421828, 0.705576097421828, 0.705576097421828, 0.705576097421828, 0.705576097421828, 0.705576097421828, 0.705576097421828, 0.705576097421828, 0.705576097421828, 0.705576097421828, 0.705576097421828, 0.705576097421828, 0.705576097421828, 0.705576097421828, 0.705576097421828, 0.705576097421828, 0.705576097421828, 0.705576097421828, 0.705576097421828, 0.705576097421828, 0.705576097421828, 0.705576097421828, 0.705576097421828, 0.705576097421828, 0.705576097421828, 0.705576097421828, 0.705576097421828, 0.705576097421828, 0.705576097421828, 0.705576097421828, 0.705576097421828, 0.705576097421828, 0.705576097421828, 0.705576097421828, 0.705576097421828, 0.705576097421828, 0.705576097421828, 0.705576097421828, 0.705576097421828, 0.705576097421828, 0.705576097421828, 0.705576097421828, 0.705576097421828, 0.705576097421828, 0.705576097421828, 0.705576097421828, 0.705576097421828, 0.705576097421828, 0.705576097421828, 0.705576097421828, 0.705576097421828, 0.705576097421828, 0.705576097421828, 0.705576097421828, 0.705576097421828, 0.705576097421828, 0.705576097421828, 0.705576097421828, 0.705576097421828, 0.705576097421828, 0.705576097421828, 0.705576097421828, 0.705576097421828, 0.705576097421828, 0.705576097421828, 0.705576097421828, 0.705576097421828, 0.705576097421828, 0.705576097421828, 0.705576097421828, 0.705576097421828, 0.705576097421828, 0.705576097421828, 0.705576097421828, 0.705576097421828, 0.705576097421828, 0.705576097421828, 0.705576097421828, 0.705576097421828, 0.705576097421828, 0.705576097421828, 0.705576097421828, 0.705576097421828, 0.705576097421828, 0.705576097421828, 0.705576097421828, 0.705576097421828, 0.705576097421828, 0.705576097421828, 0.705576097421828, 0.705576097421828, 0.705576097421828, 0.705576097421828, 0.705576097421828, 0.705576097421828, 0.705576097421828, 0.705576097421828, 0.705576097421828, 0.705576097421828, 0.705576097421828, 0.705576097421828, 0.705576097421828, 0.705576097421828, 0.705576097421828, 0.705576097421828, 0.705576097421828, 0.705576097421828, 0.705576097421828, 0.705576097421828, 0.705576097421828, 0.705576097421828, 0.705576097421828, 0.705576097421828, 0.705576097421828, 0.705576097421828, 0.705576097421828, 0.705576097421828, 0.705576097421828, 0.705576097421828, 0.705576097421828, 0.705576097421828, 0.705576097421828, 0.705576097421828, 0.705576097421828, 0.705576097421828, 0.705576097421828, 0.705576097421828, 0.705576097421828, 0.705576097421828, 0.705576097421828, 0.705576097421828, 0.705576097421828, 0.705576097421828, 0.705576097421828, 0.705576097421828, 0.705576097421828, 0.705576097421828, 0.705576097421828, 0.705576097421828, 0.705576097421828, 0.705576097421828, 0.705576097421828, 0.705576097421828, 0.705576097421828, 0.705576097421828, 0.705576097421828, 0.705576097421828, 0.705576097421828, 0.705576097421828, 0.705576097421828, 0.705576097421828, 0.705576097421828, 0.705576097421828, 0.705576097421828, 0.705576097421828, 0.705576097421828, 0.705576097421828, 0.705576097421828, 0.705576097421828, 0.705576097421828, 0.705576097421828, 0.705576097421828, 0.705576097421828, 0.705576097421828, 0.705576097421828, 0.705576097421828, 0.705576097421828, 0.705576097421828, 0.705576097421828, 0.705576097421828, 0.705576097421828, 0.705576097421828, 0.705576097421828, 0.705576097421828, 0.705576097421828, 0.705576097421828, 0.705576097421828, 0.705576097421828, 0.705576097421828, 0.705576097421828, 0.705576097421828, 0.705576097421828, 0.705576097421828, 0.705576097421828, 0.705576097421828, 0.705576097421828, 0.705576097421828, 0.705576097421828, 0.705576097421828, 0.705576097421828, 0.705576097421828, 0.705576097421828, 0.705576097421828, 0.705576097421828, 0.705576097421828, 0.705576097421828, 0.705576097421828, 0.705576097421828, 0.705576097421828, 0.705576097421828, 0.705576097421828, 0.705576097421828, 0.705576097421828, 0.705576097421828, 0.705576097421828, 0.705576097421828, 0.705576097421828, 0.705576097421828, 0.705576097421828, 0.705576097421828, 0.705576097421828, 0.705576097421828, 0.705576097421828, 0.705576097421828, 0.705576097421828, 0.705576097421828, 0.705576097421828, 0.705576097421828, 0.705576097421828, 0.705576097421828, 0.705576097421828, 0.705576097421828, 0.705576097421828, 0.705576097421828, 0.705576097421828, 0.705576097421828, 0.705576097421828, 0.705576097421828, 0.705576097421828, 0.705576097421828, 0.705576097421828, 0.705576097421828, 0.705576097421828, 0.705576097421828, 0.705576097421828, 0.705576097421828, 0.705576097421828, 0.705576097421828, 0.705576097421828, 0.705576097421828, 0.705576097421828, 0.705576097421828, 0.705576097421828, 0.705576097421828, 0.705576097421828, 0.705576097421828, 0.705576097421828, 0.705576097421828, 0.705576097421828, 0.705576097421828, 0.705576097421828, 0.705576097421828, 0.705576097421828, 0.705576097421828, 0.705576097421828, 0.705576097421828, 0.705576097421828, 0.705576097421828, 0.705576097421828, 0.705576097421828, 0.705576097421828, 0.705576097421828, 0.705576097421828, 0.705576097421828, 0.705576097421828, 0.705576097421828, 0.705576097421828, 0.705576097421828, 0.705576097421828, 0.705576097421828, 0.705576097421828, 0.705576097421828, 0.705576097421828, 0.705576097421828, 0.705576097421828, 0.705576097421828, 0.705576097421828, 0.705576097421828, 0.705576097421828, 0.705576097421828, 0.705576097421828, 0.705576097421828, 0.705576097421828, 0.705576097421828, 0.705576097421828, 0.705576097421828, 0.705576097421828, 0.705576097421828, 0.705576097421828, 0.705576097421828, 0.705576097421828, 0.705576097421828, 0.705576097421828, 0.705576097421828, 0.705576097421828, 0.705576097421828, 0.705576097421828, 0.705576097421828, 0.705576097421828, 0.705576097421828, 0.705576097421828, 0.705576097421828, 0.705576097421828, 0.705576097421828, 0.705576097421828, 0.705576097421828, 0.705576097421828, 0.705576097421828, 0.705576097421828, 0.705576097421828, 0.705576097421828, 0.705576097421828, 0.705576097421828, 0.705576097421828, 0.705576097421828, 0.705576097421828, 0.705576097421828, 0.705576097421828, 0.705576097421828, 0.705576097421828, 0.705576097421828, 0.705576097421828, 0.705576097421828, 0.705576097421828, 0.705576097421828, 0.705576097421828, 0.705576097421828, 0.705576097421828, 0.705576097421828, 0.705576097421828, 0.705576097421828, 0.705576097421828, 0.705576097421828, 0.705576097421828, 0.705576097421828, 0.705576097421828, 0.705576097421828, 0.705576097421828, 0.705576097421828, 0.705576097421828, 0.705576097421828, 0.705576097421828, 0.705576097421828, 0.705576097421828, 0.705576097421828, 0.705576097421828, 0.705576097421828, 0.705576097421828, 0.705576097421828, 0.705576097421828, 0.705576097421828, 0.705576097421828, 0.705576097421828, 0.705576097421828, 0.705576097421828, 0.705576097421828, 0.705576097421828, 0.705576097421828, 0.705576097421828, 0.705576097421828, 0.705576097421828, 0.705576097421828, 0.705576097421828, 0.705576097421828, 0.705576097421828, 0.705576097421828, 0.705576097421828, 0.705576097421828, 0.705576097421828, 0.705576097421828, 0.705576097421828, 0.705576097421828, 0.705576097421828, 0.705576097421828, 0.705576097421828, 0.705576097421828, 0.705576097421828, 0.705576097421828, 0.705576097421828, 0.705576097421828, 0.705576097421828, 0.705576097421828, 0.705576097421828, 0.705576097421828, 0.705576097421828, 0.705576097421828, 0.705576097421828, 0.705576097421828, 0.705576097421828, 0.705576097421828, 0.705576097421828, 0.705576097421828, 0.705576097421828, 0.705576097421828, 0.705576097421828, 0.705576097421828, 0.705576097421828, 0.705576097421828, 0.705576097421828, 0.705576097421828, 0.705576097421828, 0.705576097421828, 0.705576097421828, 0.705576097421828, 0.705576097421828, 0.705576097421828, 0.705576097421828, 0.705576097421828, 0.705576097421828, 0.705576097421828, 0.705576097421828, 0.705576097421828, 0.705576097421828, 0.705576097421828, 0.705576097421828, 0.705576097421828, 0.705576097421828, 0.705576097421828, 0.705576097421828, 0.705576097421828, 0.705576097421828, 0.705576097421828, 0.705576097421828, 0.705576097421828, 0.705576097421828, 0.705576097421828, 0.705576097421828, 0.705576097421828, 0.705576097421828, 0.705576097421828, 0.705576097421828, 0.705576097421828, 0.705576097421828, 0.705576097421828, 0.705576097421828, 0.705576097421828, 0.705576097421828, 0.705576097421828, 0.705576097421828, 0.705576097421828, 0.7141745182788455, 0.705576097421828, 0.705576097421828, 0.7141745182788455, 0.7141745182788455, 0.705576097421828, 0.7141745182788455, 0.7141745182788455, 0.7141745182788455, 0.7141745182788455, 0.7141745182788455, 0.7141745182788455, 0.7141745182788455, 0.7141745182788455, 0.7141745182788455, 0.7141745182788455, 0.7141745182788455, 0.7141745182788455, 0.7141745182788455, 0.7141745182788455, 0.7141745182788455, 0.7141745182788455, 0.7141745182788455, 0.7141745182788455, 0.7141745182788455, 0.7141745182788455, 0.7141745182788455, 0.7141745182788455, 0.7141745182788455, 0.7141745182788455, 0.7141745182788455, 0.7141745182788455, 0.7141745182788455, 0.7141745182788455, 0.7141745182788455, 0.7141745182788455, 0.7141745182788455, 0.7141745182788455, 0.7141745182788455, 0.7141745182788455, 0.7141745182788455, 0.7141745182788455, 0.7141745182788455, 0.7141745182788455, 0.7141745182788455, 0.7141745182788455, 0.7141745182788455, 0.7141745182788455, 0.7141745182788455, 0.7141745182788455, 0.7141745182788455, 0.7141745182788455, 0.7141745182788455, 0.7141745182788455, 0.7141745182788455, 0.7141745182788455, 0.7141745182788455, 0.7141745182788455, 0.7141745182788455, 0.7141745182788455, 0.7141745182788455, 0.7141745182788455, 0.7141745182788455, 0.7141745182788455, 0.7141745182788455, 0.7141745182788455, 0.7141745182788455, 0.7141745182788455, 0.7141745182788455, 0.7141745182788455, 0.7141745182788455, 0.7141745182788455, 0.7141745182788455, 0.7141745182788455, 0.7141745182788455, 0.7141745182788455, 0.7141745182788455, 0.7141745182788455, 0.7141745182788455, 0.7141745182788455, 0.7141745182788455, 0.7141745182788455, 0.7141745182788455, 0.7313283678885955, 0.7313283678885955, 0.7313283678885955, 0.7141745182788455, 0.7313283678885955, 0.7313283678885955, 0.7313283678885955, 0.7313283678885955, 0.7313283678885955, 0.7313283678885955, 0.7313283678885955, 0.7313283678885955, 0.7313283678885955, 0.7313283678885955, 0.7313283678885955, 0.7313283678885955, 0.7313283678885955, 0.7313283678885955, 0.7313283678885955, 0.7313283678885955, 0.7313283678885955, 0.7313283678885955, 0.7313283678885955, 0.7313283678885955, 0.7313283678885955, 0.7313283678885955, 0.7313283678885955, 0.7313283678885955, 0.7313283678885955, 0.7313283678885955, 0.7313283678885955, 0.7313283678885955, 0.7313283678885955, 0.7313283678885955, 0.7313283678885955, 0.7313283678885955, 0.7313283678885955, 0.7313283678885955, 0.7313283678885955, 0.7313283678885955, 0.7313283678885955, 0.7313283678885955, 0.7313283678885955, 0.7313283678885955, 0.7313283678885955, 0.7313283678885955, 0.7313283678885955, 0.7313283678885955, 0.7313283678885955, 0.7313283678885955, 0.7313283678885955, 0.7313283678885955, 0.7313283678885955, 0.7313283678885955, 0.7313283678885955, 0.7313283678885955, 0.7313283678885955, 0.7313283678885955, 0.7313283678885955, 0.7313283678885955, 0.7313283678885955, 0.7313283678885955, 0.7313283678885955, 0.7313283678885955, 0.7313283678885955, 0.7313283678885955, 0.7313283678885955, 0.7313283678885955, 0.7313283678885955, 0.7313283678885955, 0.7313283678885955, 0.7313283678885955, 0.7313283678885955, 0.7313283678885955, 0.7313283678885955, 0.7313283678885955, 0.7313283678885955, 0.7313283678885955, 0.7313283678885955, 0.7313283678885955, 0.7313283678885955, 0.7313283678885955, 0.7313283678885955, 0.7313283678885955, 0.7313283678885955, 0.7313283678885955, 0.7313283678885955, 0.7313283678885955, 0.7313283678885955, 0.7313283678885955, 0.7313283678885955, 0.7313283678885955, 0.7313283678885955, 0.7313283678885955, 0.7313283678885955, 0.7313283678885955, 0.7313283678885955, 0.7313283678885955, 0.7313283678885955, 0.7313283678885955, 0.7313283678885955, 0.7313283678885955, 0.7313283678885955, 0.7313283678885955, 0.7313283678885955, 0.7313283678885955, 0.7313283678885955, 0.7313283678885955, 0.7313283678885955, 0.7313283678885955, 0.7313283678885955, 0.7313283678885955, 0.7313283678885955, 0.7313283678885955, 0.7313283678885955, 0.7313283678885955, 0.7313283678885955, 0.7313283678885955, 0.7313283678885955, 0.7313283678885955, 0.7313283678885955, 0.7313283678885955, 0.7313283678885955, 0.7313283678885955, 0.7313283678885955, 0.7313283678885955, 0.7313283678885955, 0.7313283678885955, 0.7313283678885955, 0.7313283678885955, 0.7313283678885955, 0.7313283678885955, 0.7313283678885955, 0.7313283678885955, 0.7313283678885955, 0.7313283678885955, 0.7313283678885955, 0.7313283678885955, 0.7313283678885955, 0.7313283678885955, 0.7313283678885955, 0.7313283678885955, 0.7313283678885955, 0.7313283678885955, 0.7313283678885955, 0.7313283678885955, 0.7313283678885955, 0.7313283678885955, 0.7313283678885955, 0.7313283678885955, 0.7313283678885955, 0.7313283678885955, 0.7313283678885955, 0.7313283678885955, 0.7313283678885955, 0.7313283678885955, 0.7313283678885955, 0.7313283678885955, 0.7313283678885955, 0.7313283678885955, 0.7313283678885955, 0.7313283678885955, 0.7313283678885955, 0.7313283678885955, 0.7313283678885955, 0.7313283678885955, 0.7313283678885955, 0.7313283678885955, 0.7313283678885955, 0.7313283678885955, 0.7313283678885955, 0.7313283678885955, 0.7313283678885955, 0.7313283678885955, 0.7313283678885955, 0.7313283678885955, 0.7313283678885955, 0.7313283678885955, 0.7313283678885955, 0.7313283678885955, 0.7313283678885955, 0.7313283678885955, 0.7313283678885955, 0.7313283678885955, 0.7313283678885955, 0.7313283678885955, 0.7313283678885955, 0.7313283678885955, 0.7313283678885955, 0.7313283678885955, 0.7313283678885955, 0.7313283678885955, 0.7313283678885955, 0.7313283678885955, 0.7313283678885955, 0.7313283678885955, 0.7313283678885955, 0.7313283678885955, 0.7313283678885955, 0.7313283678885955, 0.7313283678885955, 0.7313283678885955, 0.7313283678885955, 0.7313283678885955, 0.7313283678885955, 0.7313283678885955, 0.7313283678885955, 0.7313283678885955, 0.7313283678885955, 0.7313283678885955, 0.7313283678885955, 0.7313283678885955, 0.7313283678885955, 0.7313283678885955, 0.7313283678885955, 0.7313283678885955, 0.7313283678885955, 0.7313283678885955, 0.7313283678885955, 0.7313283678885955, 0.7313283678885955, 0.7313283678885955, 0.7313283678885955, 0.7313283678885955, 0.7313283678885955, 0.7313283678885955, 0.7313283678885955, 0.7313283678885955, 0.7313283678885955, 0.7313283678885955, 0.7313283678885955, 0.7313283678885955, 0.7313283678885955, 0.7313283678885955, 0.7313283678885955, 0.7313283678885955, 0.7313283678885955, 0.7313283678885955, 0.7313283678885955, 0.7313283678885955, 0.7313283678885955, 0.7313283678885955, 0.7313283678885955, 0.7313283678885955, 0.7313283678885955, 0.7313283678885955, 0.7313283678885955, 0.7313283678885955, 0.7313283678885955, 0.7313283678885955, 0.7313283678885955, 0.7313283678885955, 0.7313283678885955, 0.7313283678885955, 0.7313283678885955, 0.7313283678885955, 0.7313283678885955, 0.7313283678885955, 0.7313283678885955, 0.7313283678885955, 0.7313283678885955, 0.7313283678885955, 0.7313283678885955, 0.7313283678885955, 0.7313283678885955, 0.7313283678885955, 0.7313283678885955, 0.7313283678885955, 0.7313283678885955, 0.7313283678885955, 0.7313283678885955, 0.7313283678885955, 0.7313283678885955, 0.7313283678885955, 0.7313283678885955, 0.7313283678885955, 0.7313283678885955, 0.7313283678885955, 0.7313283678885955, 0.7313283678885955, 0.7313283678885955, 0.7313283678885955, 0.7313283678885955, 0.7313283678885955, 0.7313283678885955, 0.7313283678885955, 0.7313283678885955, 0.7313283678885955, 0.7313283678885955, 0.7313283678885955, 0.7313283678885955, 0.7313283678885955, 0.7313283678885955, 0.7313283678885955, 0.7313283678885955, 0.7313283678885955, 0.7313283678885955, 0.7313283678885955, 0.7313283678885955, 0.7313283678885955, 0.7313283678885955, 0.7313283678885955, 0.7313283678885955, 0.7313283678885955, 0.7313283678885955, 0.7313283678885955, 0.7313283678885955, 0.7313283678885955, 0.7313283678885955, 0.7313283678885955, 0.7313283678885955, 0.7313283678885955, 0.7313283678885955, 0.7313283678885955, 0.7313283678885955, 0.7313283678885955, 0.7313283678885955, 0.7313283678885955, 0.7399267887456129, 0.7399267887456129, 0.7399267887456129, 0.7399267887456129, 0.7399267887456129, 0.7399267887456129, 0.7399267887456129, 0.7399267887456129, 0.7399267887456129, 0.7399267887456129, 0.7399267887456129, 0.7399267887456129, 0.7399267887456129, 0.7399267887456129, 0.7399267887456129, 0.7399267887456129, 0.7399267887456129, 0.7399267887456129, 0.7399267887456129, 0.7399267887456129, 0.7399267887456129, 0.7399267887456129, 0.7399267887456129, 0.7399267887456129, 0.7399267887456129, 0.7399267887456129, 0.7399267887456129, 0.7399267887456129, 0.7399267887456129, 0.7399267887456129, 0.7399267887456129, 0.7399267887456129, 0.7399267887456129, 0.7399267887456129, 0.7399267887456129, 0.7399267887456129, 0.7399267887456129, 0.7399267887456129, 0.7399267887456129, 0.7399267887456129, 0.7399267887456129, 0.7399267887456129, 0.7399267887456129, 0.7399267887456129, 0.7399267887456129, 0.7399267887456129, 0.7399267887456129, 0.7399267887456129, 0.7399267887456129, 0.7399267887456129, 0.7399267887456129, 0.7399267887456129, 0.7399267887456129, 0.7399267887456129, 0.7399267887456129, 0.7399267887456129, 0.7399267887456129, 0.7399267887456129, 0.7399267887456129, 0.7399267887456129, 0.7399267887456129, 0.7399267887456129, 0.7399267887456129, 0.7399267887456129, 0.7399267887456129, 0.7399267887456129, 0.7399267887456129, 0.7399267887456129, 0.7399267887456129, 0.7399267887456129, 0.7399267887456129, 0.7399267887456129, 0.7399267887456129, 0.7399267887456129, 0.7399267887456129, 0.7399267887456129, 0.7399267887456129, 0.7399267887456129, 0.7399267887456129, 0.7399267887456129, 0.7399267887456129, 0.7399267887456129, 0.7399267887456129, 0.7399267887456129, 0.7399267887456129, 0.7399267887456129, 0.7399267887456129, 0.7399267887456129, 0.7399267887456129, 0.7399267887456129, 0.7399267887456129, 0.7399267887456129, 0.7399267887456129, 0.7399267887456129, 0.7399267887456129, 0.7399267887456129, 0.7399267887456129, 0.7399267887456129, 0.7399267887456129, 0.7399267887456129, 0.7399267887456129, 0.7399267887456129, 0.7399267887456129, 0.7399267887456129, 0.7399267887456129, 0.7399267887456129, 0.7399267887456129, 0.7399267887456129, 0.7399267887456129, 0.7399267887456129, 0.7399267887456129, 0.7399267887456129, 0.7399267887456129, 0.7399267887456129, 0.7399267887456129, 0.7399267887456129, 0.7399267887456129, 0.7399267887456129, 0.7399267887456129, 0.7399267887456129, 0.746375604388376, 0.746375604388376, 0.746375604388376, 0.746375604388376, 0.746375604388376, 0.746375604388376, 0.746375604388376, 0.746375604388376, 0.746375604388376, 0.746375604388376, 0.746375604388376, 0.746375604388376, 0.746375604388376, 0.746375604388376, 0.746375604388376, 0.746375604388376, 0.746375604388376, 0.746375604388376, 0.746375604388376, 0.746375604388376, 0.746375604388376, 0.746375604388376, 0.746375604388376, 0.746375604388376, 0.746375604388376, 0.746375604388376, 0.746375604388376, 0.746375604388376, 0.746375604388376, 0.746375604388376, 0.746375604388376, 0.746375604388376, 0.746375604388376, 0.746375604388376, 0.746375604388376, 0.746375604388376, 0.746375604388376, 0.746375604388376, 0.746375604388376, 0.746375604388376, 0.746375604388376, 0.746375604388376, 0.746375604388376, 0.746375604388376, 0.746375604388376, 0.746375604388376, 0.746375604388376, 0.746375604388376, 0.746375604388376, 0.746375604388376, 0.746375604388376, 0.746375604388376, 0.746375604388376, 0.746375604388376, 0.746375604388376, 0.746375604388376, 0.746375604388376, 0.746375604388376, 0.746375604388376, 0.746375604388376, 0.746375604388376, 0.746375604388376, 0.746375604388376, 0.746375604388376, 0.746375604388376, 0.746375604388376, 0.746375604388376, 0.746375604388376, 0.746375604388376, 0.746375604388376, 0.746375604388376, 0.746375604388376, 0.746375604388376, 0.746375604388376, 0.746375604388376, 0.746375604388376, 0.746375604388376, 0.746375604388376, 0.746375604388376, 0.746375604388376, 0.746375604388376, 0.746375604388376, 0.746375604388376, 0.746375604388376, 0.746375604388376, 0.746375604388376, 0.746375604388376, 0.746375604388376, 0.746375604388376, 0.746375604388376, 0.746375604388376, 0.746375604388376, 0.746375604388376, 0.746375604388376, 0.746375604388376, 0.746375604388376, 0.746375604388376, 0.746375604388376, 0.746375604388376, 0.746375604388376, 0.746375604388376, 0.746375604388376, 0.746375604388376, 0.746375604388376, 0.746375604388376, 0.746375604388376, 0.746375604388376, 0.746375604388376, 0.746375604388376, 0.746375604388376, 0.746375604388376, 0.746375604388376, 0.746375604388376, 0.746375604388376, 0.746375604388376, 0.746375604388376, 0.746375604388376, 0.746375604388376, 0.746375604388376, 0.746375604388376, 0.746375604388376, 0.746375604388376, 0.746375604388376, 0.746375604388376, 0.746375604388376, 0.746375604388376, 0.746375604388376, 0.746375604388376, 0.746375604388376, 0.746375604388376, 0.746375604388376, 0.746375604388376, 0.746375604388376, 0.746375604388376, 0.746375604388376, 0.746375604388376, 0.746375604388376, 0.746375604388376, 0.746375604388376, 0.746375604388376, 0.746375604388376, 0.746375604388376, 0.746375604388376, 0.746375604388376, 0.746375604388376, 0.746375604388376, 0.746375604388376, 0.746375604388376, 0.746375604388376, 0.746375604388376, 0.746375604388376, 0.746375604388376, 0.746375604388376, 0.746375604388376, 0.746375604388376, 0.746375604388376, 0.746375604388376, 0.746375604388376, 0.746375604388376, 0.746375604388376, 0.746375604388376, 0.746375604388376, 0.746375604388376, 0.746375604388376, 0.746375604388376, 0.746375604388376, 0.746375604388376, 0.746375604388376, 0.746375604388376, 0.746375604388376, 0.746375604388376, 0.746375604388376, 0.746375604388376, 0.746375604388376, 0.746375604388376, 0.746375604388376, 0.746375604388376, 0.746375604388376, 0.746375604388376, 0.746375604388376, 0.746375604388376, 0.746375604388376, 0.746375604388376, 0.746375604388376, 0.746375604388376, 0.746375604388376, 0.746375604388376, 0.746375604388376, 0.746375604388376, 0.746375604388376, 0.746375604388376, 0.746375604388376, 0.746375604388376, 0.746375604388376, 0.746375604388376, 0.746375604388376, 0.746375604388376, 0.746375604388376, 0.746375604388376, 0.746375604388376, 0.746375604388376, 0.746375604388376, 0.746375604388376, 0.746375604388376, 0.746375604388376, 0.746375604388376, 0.746375604388376, 0.746375604388376, 0.746375604388376, 0.746375604388376, 0.746375604388376, 0.746375604388376, 0.746375604388376, 0.746375604388376, 0.746375604388376, 0.746375604388376, 0.746375604388376, 0.746375604388376, 0.746375604388376, 0.746375604388376, 0.746375604388376, 0.746375604388376, 0.746375604388376, 0.746375604388376, 0.746375604388376, 0.746375604388376, 0.746375604388376, 0.746375604388376, 0.746375604388376, 0.746375604388376, 0.746375604388376, 0.746375604388376, 0.746375604388376, 0.746375604388376, 0.746375604388376, 0.746375604388376, 0.746375604388376, 0.746375604388376, 0.746375604388376, 0.746375604388376, 0.746375604388376, 0.746375604388376, 0.746375604388376, 0.746375604388376, 0.746375604388376, 0.746375604388376, 0.746375604388376, 0.746375604388376, 0.746375604388376, 0.746375604388376, 0.746375604388376, 0.746375604388376, 0.746375604388376, 0.746375604388376, 0.746375604388376, 0.746375604388376, 0.746375604388376, 0.746375604388376, 0.746375604388376, 0.746375604388376, 0.746375604388376, 0.746375604388376, 0.746375604388376, 0.746375604388376, 0.746375604388376, 0.746375604388376, 0.746375604388376, 0.746375604388376, 0.746375604388376, 0.746375604388376, 0.746375604388376, 0.746375604388376, 0.746375604388376, 0.746375604388376, 0.746375604388376, 0.746375604388376, 0.746375604388376, 0.746375604388376, 0.746375604388376, 0.746375604388376, 0.746375604388376, 0.746375604388376, 0.746375604388376, 0.746375604388376, 0.746375604388376, 0.746375604388376, 0.746375604388376, 0.746375604388376, 0.746375604388376, 0.746375604388376, 0.746375604388376, 0.746375604388376, 0.746375604388376, 0.746375604388376, 0.746375604388376, 0.746375604388376, 0.746375604388376, 0.746375604388376, 0.746375604388376, 0.746375604388376, 0.746375604388376, 0.746375604388376, 0.746375604388376, 0.746375604388376, 0.746375604388376, 0.746375604388376, 0.746375604388376, 0.746375604388376, 0.746375604388376, 0.746375604388376, 0.746375604388376, 0.746375604388376, 0.746375604388376, 0.746375604388376, 0.746375604388376, 0.746375604388376, 0.746375604388376, 0.746375604388376, 0.746375604388376, 0.746375604388376, 0.746375604388376, 0.746375604388376, 0.746375604388376, 0.746375604388376, 0.746375604388376, 0.746375604388376, 0.746375604388376, 0.746375604388376, 0.746375604388376, 0.746375604388376, 0.746375604388376, 0.746375604388376, 0.746375604388376, 0.746375604388376, 0.746375604388376, 0.746375604388376, 0.746375604388376, 0.746375604388376, 0.746375604388376, 0.746375604388376, 0.746375604388376, 0.746375604388376, 0.746375604388376, 0.746375604388376, 0.746375604388376, 0.746375604388376, 0.746375604388376, 0.746375604388376, 0.746375604388376, 0.746375604388376, 0.746375604388376, 0.746375604388376, 0.746375604388376, 0.746375604388376, 0.746375604388376, 0.746375604388376, 0.746375604388376, 0.746375604388376, 0.746375604388376, 0.746375604388376, 0.746375604388376, 0.746375604388376, 0.746375604388376, 0.746375604388376, 0.746375604388376, 0.746375604388376, 0.746375604388376, 0.746375604388376, 0.746375604388376, 0.746375604388376, 0.746375604388376, 0.746375604388376, 0.746375604388376, 0.746375604388376, 0.746375604388376, 0.746375604388376, 0.746375604388376, 0.746375604388376, 0.746375604388376, 0.746375604388376, 0.746375604388376, 0.746375604388376, 0.746375604388376, 0.746375604388376, 0.746375604388376, 0.746375604388376, 0.746375604388376, 0.746375604388376, 0.746375604388376, 0.746375604388376, 0.746375604388376, 0.746375604388376, 0.746375604388376, 0.746375604388376, 0.746375604388376, 0.746375604388376, 0.746375604388376, 0.746375604388376, 0.746375604388376, 0.746375604388376, 0.746375604388376, 0.746375604388376, 0.746375604388376, 0.746375604388376, 0.746375604388376, 0.746375604388376, 0.746375604388376, 0.746375604388376, 0.746375604388376, 0.746375604388376, 0.746375604388376, 0.746375604388376, 0.746375604388376, 0.746375604388376, 0.746375604388376, 0.746375604388376, 0.746375604388376, 0.746375604388376, 0.746375604388376, 0.746375604388376, 0.746375604388376, 0.746375604388376, 0.746375604388376, 0.746375604388376, 0.746375604388376, 0.746375604388376, 0.746375604388376, 0.746375604388376, 0.746375604388376, 0.746375604388376, 0.746375604388376, 0.746375604388376, 0.746375604388376, 0.746375604388376, 0.746375604388376, 0.746375604388376, 0.746375604388376, 0.746375604388376, 0.746375604388376, 0.746375604388376, 0.746375604388376, 0.746375604388376, 0.746375604388376, 0.746375604388376, 0.746375604388376, 0.746375604388376, 0.746375604388376, 0.746375604388376, 0.746375604388376, 0.746375604388376, 0.746375604388376, 0.746375604388376, 0.746375604388376, 0.746375604388376, 0.746375604388376, 0.746375604388376, 0.746375604388376, 0.746375604388376, 0.746375604388376, 0.746375604388376, 0.746375604388376, 0.746375604388376, 0.746375604388376, 0.746375604388376, 0.746375604388376, 0.746375604388376, 0.746375604388376, 0.746375604388376, 0.746375604388376, 0.746375604388376, 0.746375604388376, 0.746375604388376, 0.746375604388376, 0.746375604388376, 0.746375604388376, 0.746375604388376, 0.746375604388376, 0.746375604388376, 0.746375604388376, 0.746375604388376, 0.746375604388376, 0.746375604388376, 0.746375604388376, 0.746375604388376, 0.746375604388376, 0.746375604388376, 0.746375604388376, 0.746375604388376, 0.746375604388376, 0.746375604388376, 0.746375604388376, 0.746375604388376, 0.7621408090297176, 0.7621408090297176, 0.7621408090297176, 0.7621408090297176, 0.7621408090297176, 0.7621408090297176, 0.7621408090297176, 0.7621408090297176, 0.7621408090297176, 0.7621408090297176, 0.7621408090297176, 0.7621408090297176, 0.7621408090297176, 0.7621408090297176, 0.7621408090297176, 0.7621408090297176, 0.7621408090297176, 0.7621408090297176, 0.7621408090297176, 0.7621408090297176, 0.7621408090297176, 0.7621408090297176, 0.7621408090297176, 0.7621408090297176, 0.7621408090297176, 0.7621408090297176, 0.7621408090297176, 0.7621408090297176, 0.7621408090297176, 0.7621408090297176, 0.7621408090297176, 0.7621408090297176, 0.7621408090297176, 0.7621408090297176, 0.7621408090297176, 0.7621408090297176, 0.7621408090297176, 0.7621408090297176, 0.7621408090297176, 0.7621408090297176, 0.7621408090297176, 0.7621408090297176, 0.7621408090297176, 0.7621408090297176, 0.7621408090297176, 0.7621408090297176, 0.7621408090297176, 0.7621408090297176, 0.7621408090297176, 0.7621408090297176, 0.7621408090297176, 0.7621408090297176, 0.7621408090297176, 0.7621408090297176, 0.7621408090297176, 0.7621408090297176, 0.7621408090297176, 0.7621408090297176, 0.7621408090297176, 0.7621408090297176, 0.7621408090297176, 0.7621408090297176, 0.7621408090297176, 0.7621408090297176, 0.7621408090297176, 0.7621408090297176, 0.7621408090297176, 0.7621408090297176, 0.7621408090297176, 0.7621408090297176, 0.7621408090297176, 0.7621408090297176, 0.7621408090297176, 0.7621408090297176, 0.7621408090297176, 0.7621408090297176, 0.7621408090297176, 0.7621408090297176, 0.7621408090297176, 0.7621408090297176, 0.7621408090297176, 0.7621408090297176, 0.7621408090297176, 0.7621408090297176, 0.7621408090297176, 0.7621408090297176, 0.7621408090297176, 0.7621408090297176, 0.7621408090297176, 0.7621408090297176, 0.7621408090297176, 0.7621408090297176, 0.7621408090297176, 0.7621408090297176, 0.7621408090297176, 0.7621408090297176, 0.7621408090297176, 0.7621408090297176, 0.7621408090297176, 0.7621408090297176, 0.7621408090297176, 0.7621408090297176, 0.7621408090297176, 0.7621408090297176, 0.7621408090297176, 0.7621408090297176, 0.7621408090297176, 0.7621408090297176, 0.7621408090297176, 0.7621408090297176, 0.7621408090297176, 0.7621408090297176, 0.7621408090297176, 0.7621408090297176, 0.7621408090297176, 0.7621408090297176, 0.7621408090297176, 0.7621408090297176, 0.7621408090297176, 0.7621408090297176, 0.7621408090297176, 0.7621408090297176, 0.7621408090297176, 0.7621408090297176, 0.7621408090297176, 0.7621408090297176, 0.7621408090297176, 0.7621408090297176, 0.7621408090297176, 0.7621408090297176, 0.7621408090297176, 0.7621408090297176, 0.7621408090297176, 0.7621408090297176, 0.7621408090297176, 0.7621408090297176, 0.7621408090297176, 0.7621408090297176, 0.7621408090297176, 0.7621408090297176, 0.7621408090297176, 0.7621408090297176, 0.7621408090297176, 0.7621408090297176, 0.7621408090297176, 0.7621408090297176, 0.7621408090297176, 0.7621408090297176, 0.7621408090297176, 0.7621408090297176, 0.7621408090297176, 0.7621408090297176, 0.7621408090297176, 0.7621408090297176, 0.7621408090297176, 0.7621408090297176, 0.7621408090297176, 0.7621408090297176, 0.7621408090297176, 0.7621408090297176, 0.7621408090297176, 0.7621408090297176, 0.7621408090297176, 0.7621408090297176, 0.7621408090297176, 0.7621408090297176, 0.7621408090297176, 0.7621408090297176, 0.7621408090297176, 0.7621408090297176, 0.7621408090297176, 0.7621408090297176, 0.7621408090297176, 0.7621408090297176, 0.7621408090297176, 0.7621408090297176, 0.7621408090297176, 0.7621408090297176, 0.7621408090297176, 0.7621408090297176, 0.7621408090297176, 0.7621408090297176, 0.7621408090297176, 0.7621408090297176, 0.7621408090297176, 0.7621408090297176, 0.7621408090297176, 0.7621408090297176, 0.7621408090297176, 0.7621408090297176, 0.7621408090297176, 0.7621408090297176, 0.7621408090297176, 0.7621408090297176, 0.7621408090297176, 0.7621408090297176, 0.7621408090297176, 0.7621408090297176, 0.7621408090297176, 0.7621408090297176, 0.7621408090297176, 0.7621408090297176, 0.7621408090297176, 0.7621408090297176, 0.7621408090297176, 0.7621408090297176, 0.7621408090297176, 0.7621408090297176, 0.7621408090297176, 0.7621408090297176, 0.7621408090297176, 0.7621408090297176, 0.7621408090297176, 0.7621408090297176, 0.7621408090297176, 0.7621408090297176, 0.7621408090297176, 0.7621408090297176, 0.7621408090297176, 0.7621408090297176, 0.7621408090297176, 0.7621408090297176, 0.7621408090297176, 0.7621408090297176, 0.7621408090297176, 0.7621408090297176, 0.7621408090297176, 0.7621408090297176, 0.7621408090297176, 0.7621408090297176, 0.7621408090297176, 0.7621408090297176, 0.7621408090297176, 0.7621408090297176, 0.7621408090297176, 0.7621408090297176, 0.7621408090297176, 0.7621408090297176, 0.7621408090297176, 0.7621408090297176, 0.7621408090297176, 0.7621408090297176, 0.7621408090297176, 0.7621408090297176, 0.7621408090297176, 0.7621408090297176, 0.7621408090297176, 0.7621408090297176, 0.7621408090297176, 0.7621408090297176, 0.7621408090297176, 0.7621408090297176, 0.7621408090297176, 0.7621408090297176, 0.7621408090297176, 0.7621408090297176, 0.7621408090297176, 0.7621408090297176, 0.7621408090297176, 0.7621408090297176, 0.7621408090297176, 0.7621408090297176, 0.7621408090297176, 0.7621408090297176, 0.7621408090297176, 0.7621408090297176, 0.7621408090297176, 0.7621408090297176, 0.7621408090297176, 0.7621408090297176, 0.7621408090297176, 0.7621408090297176, 0.7621408090297176, 0.7621408090297176, 0.7621408090297176, 0.7621408090297176, 0.7621408090297176, 0.7621408090297176, 0.7621408090297176, 0.7621408090297176, 0.7621408090297176, 0.7621408090297176, 0.7621408090297176, 0.7621408090297176, 0.7621408090297176, 0.7621408090297176, 0.7621408090297176, 0.7621408090297176, 0.7621408090297176, 0.7621408090297176, 0.7621408090297176, 0.7621408090297176, 0.7621408090297176, 0.7621408090297176, 0.7621408090297176, 0.7621408090297176, 0.7621408090297176, 0.7621408090297176, 0.7621408090297176, 0.7621408090297176, 0.7621408090297176, 0.7621408090297176, 0.7621408090297176, 0.7621408090297176, 0.7621408090297176, 0.7621408090297176, 0.7621408090297176, 0.7621408090297176, 0.7621408090297176, 0.7621408090297176, 0.7621408090297176, 0.7621408090297176, 0.7621408090297176, 0.7621408090297176, 0.7621408090297176, 0.7621408090297176, 0.7621408090297176, 0.7621408090297176, 0.7621408090297176, 0.7621408090297176, 0.7621408090297176, 0.7621408090297176, 0.7621408090297176, 0.7621408090297176, 0.7621408090297176, 0.7621408090297176, 0.7621408090297176, 0.7621408090297176, 0.7621408090297176, 0.7621408090297176, 0.7621408090297176, 0.7621408090297176, 0.7621408090297176, 0.7621408090297176, 0.7621408090297176, 0.7621408090297176, 0.7621408090297176, 0.7621408090297176, 0.7621408090297176, 0.7621408090297176, 0.7621408090297176, 0.7621408090297176, 0.7621408090297176, 0.7621408090297176, 0.7621408090297176, 0.7621408090297176, 0.7621408090297176, 0.7621408090297176, 0.7621408090297176, 0.7621408090297176, 0.7621408090297176, 0.7621408090297176, 0.7621408090297176, 0.7621408090297176, 0.7621408090297176, 0.7621408090297176, 0.7621408090297176, 0.7621408090297176, 0.7621408090297176, 0.7621408090297176, 0.7621408090297176, 0.7621408090297176, 0.7621408090297176, 0.7621408090297176, 0.7621408090297176, 0.7621408090297176, 0.7621408090297176, 0.7621408090297176, 0.7621408090297176, 0.7621408090297176, 0.7621408090297176, 0.7621408090297176, 0.7621408090297176, 0.7621408090297176, 0.7621408090297176, 0.7621408090297176, 0.7621408090297176, 0.7621408090297176, 0.7621408090297176, 0.7621408090297176, 0.7621408090297176, 0.7621408090297176, 0.7621408090297176, 0.7621408090297176, 0.7621408090297176, 0.7621408090297176, 0.7621408090297176, 0.7621408090297176, 0.7621408090297176, 0.7621408090297176, 0.7621408090297176, 0.7621408090297176, 0.7621408090297176, 0.7621408090297176, 0.7621408090297176, 0.7621408090297176, 0.7621408090297176, 0.7621408090297176, 0.7621408090297176, 0.7621408090297176, 0.7621408090297176, 0.7621408090297176, 0.7621408090297176, 0.7621408090297176, 0.7621408090297176, 0.7621408090297176, 0.7621408090297176, 0.7621408090297176, 0.7621408090297176, 0.7621408090297176, 0.7621408090297176, 0.7621408090297176, 0.7621408090297176, 0.7621408090297176, 0.7621408090297176, 0.7621408090297176, 0.7999738608005946, 0.7999738608005946, 0.7999738608005946, 0.7999738608005946, 0.7999738608005946, 0.7999738608005946, 0.7999738608005946, 0.7999738608005946, 0.7999738608005946, 0.7999738608005946, 0.7999738608005946, 0.7999738608005946, 0.7999738608005946, 0.7999738608005946, 0.7999738608005946, 0.7999738608005946, 0.7999738608005946, 0.7999738608005946, 0.7999738608005946, 0.7999738608005946, 0.7999738608005946, 0.7999738608005946, 0.7999738608005946, 0.7999738608005946, 0.7999738608005946, 0.7999738608005946, 0.7999738608005946, 0.7999738608005946, 0.7999738608005946, 0.7999738608005946, 0.7999738608005946, 0.7999738608005946, 0.7999738608005946, 0.7999738608005946, 0.7999738608005946, 0.7999738608005946, 0.7999738608005946, 0.7999738608005946, 0.7999738608005946, 0.7999738608005946, 0.7999738608005946, 0.7999738608005946, 0.7999738608005946, 0.7999738608005946, 0.7999738608005946, 0.7999738608005946, 0.7999738608005946, 0.7999738608005946, 0.7999738608005946, 0.7999738608005946, 0.7999738608005946, 0.7999738608005946, 0.7999738608005946, 0.7999738608005946, 0.7999738608005946, 0.7999738608005946, 0.7999738608005946, 0.7999738608005946, 0.7999738608005946, 0.7999738608005946, 0.7999738608005946, 0.7999738608005946, 0.7999738608005946, 0.7999738608005946, 0.7999738608005946, 0.7999738608005946, 0.7999738608005946, 0.7999738608005946, 0.7999738608005946, 0.7999738608005946, 0.7999738608005946, 0.7999738608005946, 0.7999738608005946, 0.7999738608005946, 0.7999738608005946, 0.7999738608005946, 0.7999738608005946, 0.7999738608005946, 0.7999738608005946, 0.7999738608005946, 0.7999738608005946, 0.7999738608005946, 0.7999738608005946, 0.7999738608005946, 0.7999738608005946, 0.7999738608005946, 0.7999738608005946, 0.7999738608005946, 0.7999738608005946, 0.7999738608005946, 0.7999738608005946, 0.7999738608005946, 0.7999738608005946, 0.7999738608005946, 0.7999738608005946, 0.7999738608005946, 0.7999738608005946, 0.7999738608005946, 0.7999738608005946, 0.7999738608005946, 0.7999738608005946, 0.7999738608005946, 0.7999738608005946, 0.7999738608005946, 0.7999738608005946, 0.7999738608005946, 0.7999738608005946, 0.7999738608005946, 0.7999738608005946, 0.7999738608005946, 0.7999738608005946, 0.7999738608005946, 0.7999738608005946, 0.7999738608005946, 0.7999738608005946, 0.7999738608005946, 0.7999738608005946, 0.7999738608005946, 0.7999738608005946, 0.7999738608005946, 0.7999738608005946, 0.7999738608005946, 0.7999738608005946, 0.7999738608005946, 0.7999738608005946, 0.7999738608005946, 0.7999738608005946, 0.7999738608005946, 0.7999738608005946, 0.7999738608005946, 0.7999738608005946, 0.7999738608005946, 0.7999738608005946, 0.7999738608005946, 0.7999738608005946, 0.7999738608005946, 0.7999738608005946, 0.7999738608005946, 0.7999738608005946, 0.7999738608005946, 0.7999738608005946, 0.7999738608005946, 0.7999738608005946, 0.7999738608005946, 0.7999738608005946, 0.7999738608005946, 0.7999738608005946, 0.7999738608005946, 0.7999738608005946, 0.7999738608005946, 0.7999738608005946, 0.7999738608005946, 0.7999738608005946, 0.7999738608005946, 0.7999738608005946, 0.7999738608005946, 0.7999738608005946, 0.7999738608005946, 0.7999738608005946, 0.7999738608005946, 0.7999738608005946, 0.7999738608005946, 0.7999738608005946, 0.7999738608005946, 0.7999738608005946, 0.7999738608005946, 0.7999738608005946, 0.7999738608005946, 0.7999738608005946, 0.7999738608005946, 0.7999738608005946, 0.7999738608005946, 0.7999738608005946, 0.7999738608005946, 0.7999738608005946, 0.7999738608005946, 0.7999738608005946, 0.7999738608005946, 0.7999738608005946, 0.7999738608005946, 0.7999738608005946, 0.7999738608005946, 0.7999738608005946, 0.7999738608005946, 0.7999738608005946, 0.7999738608005946, 0.7999738608005946, 0.7999738608005946, 0.7999738608005946, 0.7999738608005946, 0.7999738608005946, 0.7999738608005946, 0.7999738608005946, 0.7999738608005946, 0.7999738608005946, 0.7999738608005946, 0.7999738608005946, 0.7999738608005946, 0.7999738608005946, 0.7999738608005946, 0.7999738608005946, 0.7999738608005946, 0.7999738608005946, 0.7999738608005946, 0.7999738608005946, 0.7999738608005946, 0.7999738608005946, 0.7999738608005946, 0.7999738608005946, 0.7999738608005946, 0.7999738608005946, 0.7999738608005946, 0.7999738608005946, 0.7999738608005946, 0.7999738608005946, 0.7999738608005946, 0.7999738608005946, 0.7999738608005946, 0.7999738608005946, 0.7999738608005946, 0.7999738608005946, 0.7999738608005946, 0.7999738608005946, 0.7999738608005946, 0.7999738608005946, 0.7999738608005946, 0.7999738608005946, 0.7999738608005946, 0.7999738608005946, 0.7999738608005946, 0.7999738608005946, 0.7999738608005946, 0.7999738608005946, 0.7999738608005946, 0.7999738608005946, 0.7999738608005946, 0.7999738608005946, 0.7999738608005946, 0.7999738608005946, 0.7999738608005946, 0.7999738608005946, 0.7999738608005946, 0.7999738608005946, 0.7999738608005946, 0.7999738608005946, 0.7999738608005946, 0.7999738608005946, 0.7999738608005946, 0.7999738608005946, 0.7999738608005946, 0.7999738608005946, 0.7999738608005946, 0.7999738608005946, 0.7999738608005946, 0.7999738608005946, 0.7999738608005946, 0.7999738608005946, 0.7999738608005946, 0.7999738608005946, 0.7999738608005946, 0.7999738608005946, 0.7999738608005946, 0.7999738608005946, 0.7999738608005946, 0.7999738608005946, 0.7999738608005946, 0.7999738608005946, 0.7999738608005946, 0.7999738608005946, 0.7999738608005946, 0.7999738608005946, 0.7999738608005946, 0.7999738608005946, 0.7999738608005946, 0.7999738608005946, 0.7999738608005946, 0.7999738608005946, 0.7999738608005946, 0.7999738608005946, 0.7999738608005946, 0.7999738608005946, 0.7999738608005946, 0.7999738608005946, 0.7999738608005946, 0.7999738608005946, 0.7999738608005946, 0.7999738608005946, 0.7999738608005946, 0.7999738608005946, 0.7999738608005946, 0.7999738608005946, 0.7999738608005946, 0.7999738608005946, 0.7999738608005946, 0.7999738608005946, 0.7999738608005946, 0.7999738608005946, 0.7999738608005946, 0.7999738608005946, 0.7999738608005946, 0.7999738608005946, 0.7999738608005946, 0.7999738608005946, 0.7999738608005946, 0.7999738608005946, 0.7999738608005946, 0.7999738608005946, 0.7999738608005946, 0.7999738608005946, 0.7999738608005946, 0.7999738608005946, 0.7999738608005946, 0.7999738608005946, 0.7999738608005946, 0.7999738608005946, 0.7999738608005946, 0.7999738608005946, 0.7999738608005946, 0.7999738608005946, 0.7999738608005946, 0.7999738608005946, 0.7999738608005946, 0.7999738608005946, 0.7999738608005946, 0.7999738608005946, 0.7999738608005946, 0.7999738608005946, 0.7999738608005946, 0.7999738608005946, 0.7999738608005946, 0.7999738608005946, 0.7999738608005946, 0.7999738608005946, 0.7999738608005946, 0.7999738608005946, 0.7999738608005946, 0.7999738608005946, 0.7999738608005946, 0.7999738608005946, 0.7999738608005946, 0.7999738608005946, 0.7999738608005946, 0.7999738608005946, 0.7999738608005946, 0.7999738608005946, 0.7999738608005946, 0.7999738608005946, 0.7999738608005946, 0.7999738608005946, 0.7999738608005946, 0.7999738608005946, 0.7999738608005946, 0.7999738608005946, 0.7999738608005946, 0.7999738608005946, 0.7999738608005946, 0.7999738608005946, 0.7999738608005946, 0.7999738608005946, 0.7999738608005946, 0.7999738608005946, 0.7999738608005946, 0.7999738608005946, 0.7999738608005946, 0.7999738608005946, 0.7999738608005946, 0.7999738608005946, 0.7999738608005946, 0.7999738608005946, 0.7999738608005946, 0.7999738608005946, 0.7999738608005946, 0.7999738608005946, 0.7999738608005946, 0.7999738608005946, 0.7999738608005946, 0.7999738608005946, 0.7999738608005946, 0.7999738608005946, 0.7999738608005946, 0.7999738608005946, 0.7999738608005946, 0.7999738608005946, 0.7999738608005946, 0.7999738608005946, 0.7999738608005946, 0.7999738608005946, 0.7999738608005946, 0.7999738608005946, 0.7999738608005946, 0.7999738608005946, 0.7999738608005946, 0.7999738608005946, 0.7999738608005946, 0.7999738608005946, 0.7999738608005946, 0.7999738608005946, 0.7999738608005946, 0.7999738608005946, 0.7999738608005946, 0.7999738608005946, 0.7999738608005946, 0.7999738608005946, 0.7999738608005946, 0.7999738608005946, 0.7999738608005946, 0.7999738608005946, 0.7999738608005946, 0.7999738608005946, 0.7999738608005946, 0.7999738608005946, 0.7999738608005946, 0.7999738608005946, 0.7999738608005946, 0.7999738608005946, 0.7999738608005946, 0.7999738608005946, 0.7999738608005946, 0.7999738608005946, 0.7999738608005946, 0.7999738608005946, 0.7999738608005946, 0.7999738608005946, 0.7999738608005946, 0.7999738608005946, 0.7999738608005946, 0.7999738608005946, 0.7999738608005946, 0.7999738608005946, 0.7999738608005946, 0.7999738608005946, 0.7999738608005946, 0.7999738608005946, 0.7999738608005946, 0.7999738608005946, 0.7999738608005946, 0.7999738608005946, 0.7999738608005946, 0.7999738608005946, 0.7999738608005946, 0.7999738608005946, 0.7999738608005946, 0.7999738608005946, 0.7999738608005946, 0.7999738608005946, 0.852209267506976, 0.852209267506976, 0.852209267506976, 0.852209267506976, 0.852209267506976, 0.852209267506976, 0.852209267506976, 0.852209267506976, 0.852209267506976, 0.852209267506976, 0.852209267506976, 0.852209267506976, 0.852209267506976, 0.852209267506976, 0.852209267506976, 0.852209267506976, 0.852209267506976, 0.852209267506976, 0.852209267506976, 0.852209267506976, 0.852209267506976, 0.852209267506976, 0.852209267506976, 0.852209267506976, 0.852209267506976, 0.852209267506976, 0.852209267506976, 0.852209267506976, 0.852209267506976, 0.852209267506976, 0.852209267506976, 0.852209267506976, 0.852209267506976, 0.852209267506976, 0.852209267506976, 0.852209267506976, 0.852209267506976, 0.852209267506976, 0.852209267506976, 0.852209267506976, 0.852209267506976, 0.852209267506976, 0.852209267506976, 0.852209267506976, 0.852209267506976, 0.852209267506976, 0.852209267506976, 0.852209267506976, 0.852209267506976, 0.852209267506976, 0.852209267506976, 0.852209267506976, 0.852209267506976, 0.852209267506976, 0.852209267506976, 0.852209267506976, 0.852209267506976, 0.852209267506976, 0.852209267506976, 0.852209267506976, 0.852209267506976, 0.852209267506976, 0.852209267506976, 0.852209267506976, 0.852209267506976, 0.852209267506976, 0.852209267506976, 0.852209267506976, 0.852209267506976, 0.852209267506976, 0.852209267506976, 0.852209267506976, 0.852209267506976, 0.852209267506976, 0.852209267506976, 0.852209267506976, 0.852209267506976, 0.852209267506976, 0.852209267506976, 0.852209267506976, 0.852209267506976, 0.852209267506976, 0.852209267506976, 0.852209267506976, 0.852209267506976, 0.852209267506976, 0.852209267506976, 0.852209267506976, 0.852209267506976, 0.852209267506976, 0.852209267506976, 0.852209267506976, 0.852209267506976, 0.852209267506976, 0.852209267506976, 0.852209267506976, 0.852209267506976, 0.852209267506976, 0.852209267506976, 0.852209267506976, 0.852209267506976, 0.852209267506976, 0.852209267506976, 0.852209267506976, 0.852209267506976, 0.852209267506976, 0.852209267506976, 0.852209267506976, 0.852209267506976, 0.852209267506976, 0.852209267506976, 0.852209267506976, 0.852209267506976, 0.852209267506976, 0.852209267506976, 0.852209267506976, 0.852209267506976, 0.852209267506976, 0.852209267506976, 0.852209267506976, 0.852209267506976, 0.852209267506976, 0.852209267506976, 0.852209267506976, 0.852209267506976, 0.852209267506976, 0.852209267506976, 0.852209267506976, 0.852209267506976, 0.852209267506976, 0.852209267506976, 0.852209267506976, 0.852209267506976, 0.852209267506976, 0.852209267506976, 0.852209267506976, 0.852209267506976, 0.852209267506976, 0.852209267506976, 0.852209267506976, 0.852209267506976, 0.852209267506976, 0.852209267506976, 0.852209267506976, 0.852209267506976, 0.852209267506976, 0.852209267506976, 0.852209267506976, 0.852209267506976, 0.852209267506976, 0.852209267506976, 0.852209267506976, 0.852209267506976, 0.852209267506976, 0.852209267506976, 0.852209267506976, 0.852209267506976, 0.852209267506976, 0.852209267506976, 0.852209267506976, 0.852209267506976, 0.852209267506976, 0.852209267506976, 0.852209267506976, 0.852209267506976, 0.852209267506976, 0.852209267506976, 0.852209267506976, 0.852209267506976, 0.852209267506976, 0.852209267506976, 0.852209267506976, 0.852209267506976, 0.852209267506976, 0.852209267506976, 0.852209267506976, 0.852209267506976, 0.852209267506976, 0.852209267506976, 0.852209267506976, 0.852209267506976, 0.852209267506976, 0.852209267506976, 0.852209267506976, 0.852209267506976, 0.852209267506976, 0.852209267506976, 0.852209267506976, 0.852209267506976, 0.852209267506976, 0.852209267506976, 0.852209267506976, 0.852209267506976, 0.852209267506976, 0.852209267506976, 0.852209267506976, 0.852209267506976, 0.852209267506976, 0.852209267506976, 0.852209267506976, 0.852209267506976, 0.852209267506976, 0.852209267506976, 0.852209267506976, 0.852209267506976, 0.852209267506976, 0.852209267506976, 0.852209267506976, 0.852209267506976, 0.852209267506976, 0.852209267506976, 0.852209267506976, 0.852209267506976, 0.852209267506976, 0.852209267506976, 0.852209267506976, 0.852209267506976, 0.852209267506976, 0.852209267506976, 0.852209267506976, 0.852209267506976, 0.852209267506976, 0.852209267506976, 0.852209267506976, 0.852209267506976, 0.852209267506976, 0.852209267506976, 0.852209267506976, 0.852209267506976, 0.852209267506976, 0.852209267506976, 0.852209267506976, 0.852209267506976, 0.852209267506976, 0.852209267506976, 0.852209267506976, 0.852209267506976, 0.852209267506976, 0.852209267506976, 0.852209267506976, 0.852209267506976, 0.852209267506976, 0.852209267506976, 0.852209267506976, 0.852209267506976, 0.852209267506976, 0.852209267506976, 0.852209267506976, 0.852209267506976, 0.852209267506976, 0.852209267506976, 0.852209267506976, 0.852209267506976, 0.852209267506976, 0.852209267506976, 0.852209267506976, 0.852209267506976, 0.852209267506976, 0.852209267506976, 0.852209267506976, 0.852209267506976, 0.852209267506976, 0.852209267506976, 0.852209267506976, 0.852209267506976, 0.852209267506976, 0.852209267506976, 0.852209267506976, 0.852209267506976, 0.852209267506976, 0.852209267506976, 0.852209267506976, 0.852209267506976, 0.852209267506976, 0.852209267506976, 0.852209267506976, 0.852209267506976, 0.852209267506976, 0.852209267506976, 0.852209267506976, 0.852209267506976, 0.852209267506976, 0.852209267506976, 0.852209267506976, 0.852209267506976, 0.852209267506976, 0.852209267506976, 0.852209267506976, 0.852209267506976, 0.852209267506976, 0.852209267506976, 0.852209267506976, 0.852209267506976, 0.852209267506976, 0.852209267506976, 0.852209267506976, 0.852209267506976, 0.852209267506976, 0.852209267506976, 0.852209267506976, 0.852209267506976, 0.852209267506976, 0.852209267506976, 0.852209267506976, 0.852209267506976, 0.852209267506976, 0.852209267506976, 0.852209267506976, 0.852209267506976, 0.852209267506976, 0.852209267506976, 0.852209267506976, 0.852209267506976, 0.852209267506976, 0.852209267506976, 0.852209267506976, 0.852209267506976, 0.852209267506976, 0.852209267506976, 0.852209267506976, 0.852209267506976, 0.852209267506976, 0.852209267506976, 0.852209267506976, 0.852209267506976, 0.852209267506976, 0.852209267506976, 0.852209267506976, 0.852209267506976, 0.852209267506976, 0.852209267506976, 0.852209267506976, 0.852209267506976, 0.852209267506976, 0.852209267506976, 0.852209267506976, 0.852209267506976, 0.852209267506976, 0.852209267506976, 0.852209267506976, 0.852209267506976, 0.852209267506976, 0.852209267506976, 0.852209267506976, 0.852209267506976, 0.852209267506976, 0.852209267506976, 0.852209267506976, 0.852209267506976, 0.852209267506976, 0.852209267506976, 0.852209267506976, 0.852209267506976, 0.852209267506976, 0.852209267506976, 0.852209267506976, 0.852209267506976, 0.852209267506976, 0.852209267506976, 0.852209267506976, 0.852209267506976, 0.852209267506976, 0.852209267506976, 0.852209267506976, 0.852209267506976, 0.852209267506976, 0.852209267506976, 0.852209267506976, 0.852209267506976, 0.852209267506976, 0.852209267506976, 0.852209267506976, 0.852209267506976, 0.852209267506976, 0.852209267506976, 0.852209267506976, 0.852209267506976, 0.852209267506976, 0.852209267506976, 0.852209267506976, 0.852209267506976, 0.852209267506976, 0.852209267506976, 0.852209267506976, 0.852209267506976, 0.852209267506976, 0.852209267506976, 0.852209267506976, 0.852209267506976, 0.852209267506976, 0.852209267506976, 0.8586580831497391, 0.8586580831497391, 0.8586580831497391, 0.852209267506976, 0.8586580831497391, 0.8586580831497391, 0.8586580831497391, 0.8586580831497391, 0.8586580831497391, 0.8586580831497391, 0.8586580831497391, 0.8586580831497391, 0.8586580831497391, 0.8586580831497391, 0.8586580831497391, 0.8586580831497391, 0.8586580831497391, 0.8586580831497391, 0.8586580831497391, 0.8586580831497391, 0.8586580831497391, 0.8586580831497391, 0.8586580831497391, 0.8586580831497391, 0.8586580831497391, 0.8586580831497391, 0.8586580831497391, 0.8586580831497391, 0.8586580831497391, 0.8586580831497391, 0.8586580831497391, 0.8586580831497391, 0.8586580831497391, 0.8586580831497391, 0.8586580831497391, 0.8586580831497391, 0.8586580831497391, 0.8586580831497391, 0.8586580831497391, 0.8586580831497391, 0.8586580831497391, 0.8586580831497391, 0.8586580831497391, 0.8586580831497391, 0.8586580831497391, 0.8586580831497391, 0.8586580831497391, 0.8586580831497391, 0.8586580831497391, 0.8586580831497391, 0.8586580831497391, 0.8586580831497391, 0.8586580831497391, 0.8586580831497391, 0.8586580831497391, 0.8586580831497391, 0.8586580831497391, 0.8586580831497391, 0.8586580831497391, 0.8586580831497391, 0.8586580831497391, 0.8586580831497391, 0.8586580831497391, 0.8586580831497391, 0.8586580831497391, 0.8586580831497391, 0.8586580831497391, 0.8586580831497391, 0.8586580831497391, 0.8586580831497391, 0.8586580831497391, 0.8586580831497391, 0.8586580831497391, 0.8586580831497391, 0.8586580831497391, 0.8586580831497391, 0.8586580831497391, 0.8586580831497391, 0.8586580831497391, 0.8586580831497391, 0.8586580831497391, 0.8586580831497391, 0.8586580831497391, 0.8586580831497391, 0.8586580831497391, 0.8586580831497391, 0.8586580831497391, 0.8586580831497391, 0.8586580831497391, 0.8586580831497391, 0.8586580831497391, 0.8586580831497391, 0.8586580831497391, 0.8586580831497391, 0.8586580831497391, 0.8586580831497391, 0.8586580831497391, 0.8586580831497391, 0.8586580831497391, 0.8586580831497391, 0.8586580831497391, 0.8586580831497391, 0.8586580831497391, 0.8586580831497391, 0.8586580831497391, 0.8586580831497391, 0.8586580831497391, 0.8586580831497391, 0.8586580831497391, 0.8586580831497391, 0.8586580831497391, 0.8586580831497391, 0.8586580831497391, 0.8586580831497391, 0.8586580831497391, 0.8586580831497391, 0.8586580831497391, 0.8586580831497391, 0.8586580831497391, 0.8586580831497391, 0.8586580831497391, 0.8586580831497391, 0.8586580831497391, 0.8586580831497391, 0.8586580831497391, 0.8586580831497391, 0.8586580831497391, 0.8586580831497391, 0.8586580831497391, 0.8586580831497391, 0.8586580831497391, 0.8586580831497391, 0.8586580831497391, 0.8586580831497391, 0.8586580831497391, 0.8586580831497391, 0.8586580831497391, 0.8586580831497391, 0.8586580831497391, 0.8586580831497391, 0.8586580831497391, 0.8586580831497391, 0.8586580831497391, 0.8586580831497391, 0.8586580831497391, 0.8586580831497391, 0.8586580831497391, 0.8586580831497391, 0.8586580831497391, 0.8586580831497391, 0.8586580831497391, 0.8586580831497391, 0.8586580831497391, 0.8586580831497391, 0.8586580831497391, 0.8586580831497391, 0.8586580831497391, 0.8586580831497391, 0.8586580831497391, 0.8586580831497391, 0.8586580831497391, 0.8586580831497391, 0.8586580831497391, 0.8586580831497391, 0.8586580831497391, 0.8586580831497391, 0.8586580831497391, 0.8586580831497391, 0.8586580831497391, 0.8586580831497391, 0.8586580831497391, 0.8586580831497391, 0.8586580831497391, 0.8586580831497391, 0.8586580831497391, 0.8586580831497391, 0.8586580831497391, 0.8586580831497391, 0.8586580831497391, 0.8586580831497391, 0.8586580831497391, 0.8586580831497391, 0.8586580831497391, 0.8586580831497391, 0.8586580831497391, 0.8586580831497391, 0.8586580831497391, 0.8586580831497391, 0.8586580831497391, 0.8586580831497391, 0.8586580831497391, 0.8586580831497391, 0.8586580831497391, 0.8586580831497391, 0.8586580831497391, 0.8586580831497391, 0.8586580831497391, 0.8586580831497391, 0.8586580831497391, 0.8586580831497391, 0.8586580831497391, 0.8586580831497391, 0.8586580831497391, 0.8586580831497391, 0.8586580831497391, 0.8586580831497391, 0.8586580831497391, 0.8586580831497391, 0.8586580831497391, 0.8586580831497391, 0.8586580831497391, 0.8586580831497391, 0.8586580831497391, 0.8586580831497391, 0.8586580831497391, 0.8586580831497391, 0.8586580831497391, 0.8586580831497391, 0.8586580831497391, 0.8586580831497391, 0.8586580831497391, 0.8586580831497391, 0.8586580831497391, 0.8586580831497391, 0.8586580831497391, 0.8586580831497391, 0.8586580831497391, 0.8586580831497391, 0.8586580831497391, 0.8586580831497391, 0.8586580831497391, 0.8586580831497391, 0.8586580831497391, 0.8586580831497391, 0.8586580831497391, 0.8586580831497391, 0.8586580831497391, 0.8586580831497391, 0.8586580831497391, 0.8586580831497391, 0.8586580831497391, 0.8586580831497391, 0.8586580831497391, 0.8586580831497391, 0.8586580831497391, 0.8586580831497391, 0.8586580831497391, 0.8586580831497391, 0.8586580831497391, 0.8586580831497391, 0.8586580831497391, 0.8586580831497391, 0.8586580831497391, 0.8586580831497391, 0.8586580831497391, 0.8586580831497391, 0.8586580831497391, 0.8586580831497391, 0.8586580831497391, 0.8586580831497391, 0.8586580831497391, 0.8586580831497391, 0.8586580831497391, 0.8586580831497391, 0.8586580831497391, 0.8586580831497391, 0.8586580831497391, 0.8586580831497391, 0.8586580831497391, 0.8586580831497391, 0.8586580831497391, 0.8586580831497391, 0.8586580831497391, 0.8586580831497391, 0.8586580831497391, 0.8586580831497391, 0.8586580831497391, 0.8586580831497391, 0.8586580831497391, 0.8586580831497391, 0.8586580831497391, 0.8586580831497391, 0.8586580831497391, 0.8586580831497391, 0.8586580831497391, 0.8586580831497391, 0.8586580831497391, 0.8586580831497391, 0.8586580831497391, 0.8586580831497391, 0.8586580831497391, 0.8586580831497391, 0.8586580831497391, 0.8586580831497391, 0.8586580831497391, 0.8586580831497391, 0.8586580831497391, 0.8586580831497391, 0.8586580831497391, 0.8586580831497391, 0.8586580831497391, 0.8586580831497391, 0.8586580831497391, 0.8586580831497391, 0.8586580831497391, 0.8586580831497391, 0.8586580831497391, 0.8586580831497391, 0.8586580831497391, 0.8586580831497391, 0.8586580831497391, 0.8586580831497391, 0.890042319277853, 0.890042319277853, 0.890042319277853, 0.890042319277853, 0.890042319277853, 0.890042319277853, 0.890042319277853, 0.890042319277853, 0.890042319277853, 0.890042319277853, 0.890042319277853, 0.890042319277853, 0.890042319277853, 0.890042319277853, 0.890042319277853, 0.890042319277853, 0.890042319277853, 0.890042319277853, 0.890042319277853, 0.890042319277853, 0.890042319277853, 0.890042319277853, 0.8586580831497391, 0.8586580831497391, 0.8586580831497391, 0.8586580831497391, 0.8586580831497391, 0.8586580831497391, 0.8586580831497391, 0.8586580831497391, 0.890042319277853, 0.890042319277853, 0.8586580831497391, 0.890042319277853, 0.890042319277853, 0.890042319277853, 0.890042319277853, 0.890042319277853, 0.890042319277853, 0.890042319277853, 0.890042319277853, 0.890042319277853, 0.890042319277853, 0.890042319277853, 0.890042319277853, 0.890042319277853, 0.890042319277853, 0.890042319277853, 0.890042319277853, 0.890042319277853, 0.890042319277853, 0.890042319277853, 0.890042319277853, 0.890042319277853, 0.890042319277853, 0.890042319277853, 0.890042319277853, 0.890042319277853, 0.890042319277853, 0.890042319277853, 0.890042319277853, 0.890042319277853, 0.890042319277853, 0.890042319277853, 0.890042319277853, 0.890042319277853, 0.890042319277853, 0.890042319277853, 0.890042319277853, 0.890042319277853, 0.890042319277853, 0.890042319277853, 0.890042319277853, 0.890042319277853, 0.890042319277853, 0.890042319277853, 0.890042319277853, 0.890042319277853, 0.890042319277853, 0.890042319277853, 0.890042319277853, 0.890042319277853, 0.890042319277853, 0.890042319277853, 0.890042319277853, 0.890042319277853, 0.890042319277853, 0.890042319277853, 0.890042319277853, 0.890042319277853, 0.890042319277853, 0.890042319277853, 0.890042319277853, 0.890042319277853, 0.890042319277853, 0.890042319277853, 0.890042319277853, 0.890042319277853, 0.890042319277853, 0.890042319277853, 0.890042319277853, 0.890042319277853, 0.890042319277853, 0.890042319277853, 0.890042319277853, 0.890042319277853, 0.890042319277853, 0.890042319277853, 0.890042319277853, 0.890042319277853, 0.890042319277853, 0.890042319277853, 0.890042319277853, 0.890042319277853, 0.890042319277853, 0.890042319277853, 0.890042319277853, 0.890042319277853, 0.890042319277853, 0.890042319277853, 0.890042319277853, 0.890042319277853, 0.890042319277853, 0.890042319277853, 0.890042319277853, 0.890042319277853, 0.890042319277853, 0.890042319277853, 0.890042319277853, 0.890042319277853, 0.890042319277853, 0.890042319277853, 0.890042319277853, 0.890042319277853, 0.890042319277853, 0.890042319277853, 0.890042319277853, 0.890042319277853, 0.890042319277853, 0.8964911349206162, 0.8964911349206162, 0.8964911349206162, 0.8964911349206162, 0.8964911349206162, 0.8964911349206162, 0.8964911349206162, 0.8964911349206162, 0.8964911349206162, 0.8964911349206162, 0.8964911349206162, 0.8964911349206162, 0.8964911349206162, 0.8964911349206162, 0.8964911349206162, 0.8964911349206162, 0.8964911349206162, 0.8964911349206162, 0.8964911349206162, 0.8964911349206162, 0.8964911349206162, 0.8964911349206162, 0.8964911349206162, 0.8964911349206162, 0.8964911349206162, 0.8964911349206162, 0.8964911349206162, 0.8964911349206162, 0.8964911349206162, 0.8964911349206162, 0.8964911349206162, 0.8964911349206162, 0.8964911349206162, 0.8964911349206162, 0.8964911349206162, 0.8964911349206162, 0.8964911349206162, 0.8964911349206162, 0.8964911349206162, 0.8964911349206162, 0.8964911349206162, 0.8964911349206162, 0.8964911349206162, 0.8964911349206162, 0.8964911349206162, 0.8964911349206162, 0.8964911349206162, 0.8964911349206162, 0.8964911349206162, 0.8964911349206162, 0.8964911349206162, 0.8964911349206162, 0.8964911349206162, 0.8964911349206162, 0.8964911349206162, 0.8964911349206162, 0.8964911349206162, 0.8964911349206162, 0.8964911349206162, 0.8964911349206162, 0.8964911349206162, 0.8964911349206162, 0.8964911349206162, 0.8964911349206162, 0.8964911349206162, 0.8964911349206162, 0.8964911349206162, 0.8964911349206162, 0.8964911349206162, 0.8964911349206162, 0.8964911349206162, 0.8964911349206162, 0.8964911349206162, 0.8964911349206162, 0.8964911349206162, 0.8964911349206162, 0.8964911349206162, 0.8964911349206162, 0.8964911349206162, 0.8964911349206162, 0.8964911349206162, 0.8964911349206162, 0.8964911349206162, 0.8964911349206162, 0.8964911349206162, 0.8964911349206162, 0.8964911349206162, 0.8964911349206162, 0.8964911349206162, 0.8964911349206162, 0.8964911349206162, 0.8964911349206162, 0.8964911349206162, 0.8964911349206162, 0.8964911349206162, 0.8964911349206162, 0.8964911349206162, 0.8964911349206162, 0.8964911349206162, 0.8964911349206162, 0.8964911349206162, 0.8964911349206162, 0.8964911349206162, 0.8964911349206162, 0.8964911349206162, 0.8964911349206162, 0.8964911349206162, 0.8964911349206162, 0.8964911349206162, 0.8964911349206162, 0.8964911349206162, 0.8964911349206162, 0.8964911349206162, 0.8964911349206162, 0.8964911349206162, 0.8964911349206162, 0.8964911349206162, 0.8964911349206162, 0.8964911349206162, 0.8964911349206162, 0.8964911349206162, 0.8964911349206162, 0.8964911349206162, 0.8964911349206162, 0.8964911349206162, 0.8964911349206162, 0.8964911349206162, 0.8964911349206162, 0.8964911349206162, 0.8964911349206162, 0.8964911349206162, 0.8964911349206162, 0.8964911349206162, 0.8964911349206162, 0.8964911349206162, 0.8964911349206162, 0.8964911349206162, 0.8964911349206162, 0.8964911349206162, 0.8964911349206162, 0.8964911349206162, 0.8964911349206162, 0.8964911349206162, 0.8964911349206162, 0.8964911349206162, 0.8964911349206162, 0.8964911349206162, 0.8964911349206162, 0.8964911349206162, 0.8964911349206162, 0.8964911349206162, 0.8964911349206162, 0.8964911349206162, 0.8964911349206162, 0.8964911349206162, 0.8964911349206162, 0.8964911349206162, 0.8964911349206162, 0.8964911349206162, 0.8964911349206162, 0.8964911349206162, 0.8964911349206162, 0.8964911349206162, 0.8964911349206162, 0.8964911349206162, 0.8964911349206162, 0.8964911349206162, 0.8964911349206162, 0.8964911349206162, 0.8964911349206162, 0.8964911349206162, 0.8964911349206162, 0.8964911349206162, 0.8964911349206162, 0.8964911349206162, 0.8964911349206162, 0.8964911349206162, 0.8964911349206162, 0.8964911349206162, 0.8964911349206162, 0.8964911349206162, 0.8964911349206162, 0.8964911349206162, 0.8964911349206162, 0.8964911349206162, 0.8964911349206162, 0.8964911349206162, 0.8964911349206162, 0.8964911349206162, 0.8964911349206162, 0.8964911349206162, 0.8964911349206162, 0.8964911349206162, 0.8964911349206162, 0.8964911349206162, 0.8964911349206162, 0.8964911349206162, 0.8964911349206162, 0.8964911349206162, 0.8964911349206162, 0.8964911349206162, 0.8964911349206162, 0.8964911349206162, 0.8964911349206162, 0.8964911349206162, 0.8964911349206162, 0.8964911349206162, 0.8964911349206162, 0.8964911349206162, 0.8964911349206162, 0.8964911349206162, 0.8964911349206162, 0.8964911349206162, 0.8964911349206162, 0.8964911349206162, 0.8964911349206162, 0.8964911349206162, 0.8964911349206162, 0.8964911349206162, 0.8964911349206162, 0.8964911349206162, 0.8964911349206162, 0.8964911349206162, 0.8964911349206162, 0.8964911349206162, 0.8964911349206162, 0.8964911349206162, 0.8964911349206162, 0.8964911349206162, 0.8964911349206162, 0.8964911349206162, 0.8964911349206162, 0.8964911349206162, 0.8964911349206162, 0.8964911349206162, 0.8964911349206162, 0.8964911349206162, 0.8964911349206162, 0.8964911349206162, 0.8964911349206162, 0.8964911349206162, 0.8964911349206162, 0.8964911349206162, 0.8964911349206162, 0.8964911349206162, 0.8964911349206162, 0.8964911349206162, 0.8964911349206162, 0.8964911349206162, 0.8964911349206162, 0.8964911349206162, 0.8964911349206162, 0.8964911349206162, 0.8964911349206162, 0.8964911349206162, 0.8964911349206162, 0.8964911349206162, 0.8964911349206162, 0.8964911349206162, 0.8964911349206162, 0.8964911349206162, 0.8964911349206162, 0.8964911349206162, 0.8964911349206162, 0.8964911349206162, 0.8964911349206162, 0.8964911349206162, 0.8964911349206162, 0.8964911349206162, 0.8964911349206162, 0.8964911349206162, 0.8964911349206162, 0.8964911349206162, 0.8964911349206162, 0.8964911349206162, 0.8964911349206162, 0.8964911349206162, 0.8964911349206162, 0.8964911349206162, 0.8964911349206162, 0.8964911349206162, 0.8964911349206162, 0.8964911349206162, 0.8964911349206162, 0.8964911349206162, 0.8964911349206162, 0.8964911349206162, 0.8964911349206162, 0.8964911349206162, 0.8964911349206162, 0.8964911349206162, 0.8964911349206162, 0.8964911349206162, 0.8964911349206162, 0.8964911349206162, 0.8964911349206162, 0.8964911349206162, 0.8964911349206162, 0.8964911349206162, 0.8964911349206162, 0.8964911349206162, 0.8964911349206162, 0.8964911349206162, 0.8964911349206162, 0.8964911349206162, 0.8964911349206162, 0.8964911349206162, 0.8964911349206162, 0.8964911349206162, 0.8964911349206162, 0.8964911349206162, 0.8964911349206162, 0.8964911349206162, 0.8964911349206162, 0.8964911349206162, 0.8964911349206162, 0.8964911349206162, 0.8964911349206162, 0.8964911349206162, 0.8964911349206162, 0.8964911349206162, 0.8964911349206162, 0.8964911349206162, 0.8964911349206162, 0.8964911349206162, 0.8964911349206162, 0.8964911349206162, 0.8964911349206162, 0.8964911349206162, 0.8964911349206162, 0.8964911349206162, 0.8964911349206162, 0.8964911349206162, 0.8964911349206162, 0.8964911349206162, 0.8964911349206162, 0.8964911349206162, 0.8964911349206162, 0.8964911349206162, 0.8964911349206162, 0.8964911349206162, 0.8964911349206162, 0.8964911349206162, 0.8964911349206162, 0.8964911349206162, 0.8964911349206162, 0.8964911349206162, 0.8964911349206162, 0.8964911349206162, 0.8964911349206162, 0.8964911349206162, 0.8964911349206162, 0.8964911349206162, 0.8964911349206162, 0.8964911349206162, 0.8964911349206162, 0.8964911349206162, 0.8964911349206162, 0.8964911349206162, 0.8964911349206162, 0.8964911349206162, 0.8964911349206162, 0.8964911349206162, 0.8964911349206162, 0.8964911349206162, 0.8964911349206162, 0.8964911349206162, 0.8964911349206162, 0.8964911349206162, 0.8964911349206162, 0.8964911349206162, 0.8964911349206162, 0.8964911349206162, 0.8964911349206162, 0.8964911349206162, 0.8964911349206162, 0.8964911349206162, 0.8964911349206162, 0.8964911349206162, 0.8964911349206162, 0.8964911349206162, 0.8964911349206162, 0.8964911349206162, 0.8964911349206162, 0.8964911349206162, 0.8964911349206162, 0.8964911349206162, 0.8964911349206162, 0.8964911349206162, 0.8964911349206162, 0.8964911349206162, 0.8964911349206162, 0.8964911349206162, 0.8964911349206162, 0.8964911349206162, 0.8964911349206162, 0.8964911349206162, 0.8964911349206162, 0.8964911349206162, 0.8964911349206162, 0.8964911349206162, 0.8964911349206162, 0.8964911349206162, 0.8964911349206162, 0.8964911349206162, 0.8964911349206162, 0.8964911349206162, 0.8964911349206162, 0.8964911349206162, 0.8964911349206162, 0.8964911349206162, 0.8964911349206162, 0.8964911349206162, 0.8964911349206162, 0.8964911349206162, 0.8964911349206162, 0.8964911349206162, 0.8964911349206162, 0.8964911349206162, 0.8964911349206162, 0.8964911349206162, 0.8964911349206162, 0.8964911349206162, 0.8964911349206162, 0.8964911349206162, 0.8964911349206162, 0.8964911349206162, 0.8964911349206162, 0.8964911349206162, 0.8964911349206162, 0.8964911349206162, 0.8964911349206162, 0.8964911349206162, 0.8964911349206162, 0.8964911349206162, 0.8964911349206162, 0.8964911349206162, 0.8964911349206162, 0.8964911349206162, 0.8964911349206162, 0.8964911349206162, 0.8964911349206162, 0.8964911349206162, 0.8964911349206162, 0.8964911349206162, 0.8964911349206162, 0.8964911349206162, 0.8964911349206162, 0.8964911349206162, 0.8964911349206162, 0.8964911349206162, 0.8964911349206162, 0.8964911349206162, 0.8964911349206162, 0.8964911349206162, 0.8964911349206162, 0.8964911349206162, 0.8964911349206162, 0.8964911349206162, 0.8964911349206162, 0.8964911349206162, 0.8964911349206162, 0.8964911349206162, 0.8964911349206162, 0.8964911349206162, 0.8964911349206162, 0.8964911349206162, 0.8964911349206162, 0.8964911349206162, 0.8964911349206162, 0.8964911349206162, 0.8964911349206162, 0.8964911349206162, 0.8964911349206162, 0.8964911349206162, 0.8964911349206162, 0.8964911349206162, 0.8964911349206162, 0.8964911349206162, 0.8964911349206162, 0.8964911349206162, 0.8964911349206162, 0.8964911349206162, 0.8964911349206162, 0.8964911349206162, 0.8964911349206162, 0.8964911349206162, 0.8964911349206162, 0.8964911349206162, 0.8964911349206162, 0.8964911349206162, 0.8964911349206162, 0.8964911349206162, 0.8964911349206162, 0.8964911349206162, 0.8964911349206162, 0.8964911349206162, 0.8964911349206162, 0.8964911349206162, 0.8964911349206162, 0.8964911349206162, 0.8964911349206162, 0.8964911349206162, 0.8964911349206162, 0.8964911349206162, 0.8964911349206162, 0.8964911349206162, 0.8964911349206162, 0.8964911349206162, 0.8964911349206162, 0.8964911349206162, 0.8964911349206162, 0.8964911349206162, 0.8964911349206162, 0.8964911349206162, 0.8964911349206162, 0.8964911349206162, 0.8964911349206162, 0.8964911349206162, 0.8964911349206162, 0.8964911349206162, 0.8964911349206162, 0.8964911349206162, 0.8964911349206162, 0.8964911349206162, 0.8964911349206162, 0.8964911349206162, 0.8964911349206162, 0.8964911349206162, 0.8964911349206162, 0.8964911349206162, 0.8964911349206162, 0.8964911349206162, 0.8964911349206162, 0.8964911349206162, 0.8964911349206162, 0.8964911349206162, 0.8964911349206162, 0.8964911349206162, 0.8964911349206162, 0.8964911349206162, 0.8964911349206162, 0.8964911349206162, 0.8964911349206162, 0.8964911349206162, 0.8964911349206162, 0.8964911349206162, 0.8964911349206162, 0.8964911349206162, 0.8964911349206162, 0.8964911349206162, 0.8964911349206162, 0.8964911349206162, 0.8964911349206162, 0.8964911349206162, 0.8964911349206162, 0.8964911349206162, 0.8964911349206162, 0.8964911349206162, 0.8964911349206162, 0.8964911349206162, 0.8964911349206162, 0.8964911349206162, 0.8964911349206162, 0.8964911349206162, 0.8964911349206162, 0.8964911349206162, 0.8964911349206162, 0.8964911349206162, 0.8964911349206162, 0.8964911349206162, 0.8964911349206162, 0.8964911349206162, 0.8964911349206162, 0.8964911349206162, 0.8964911349206162, 0.8964911349206162, 0.8964911349206162, 0.8964911349206162, 0.8964911349206162, 0.8964911349206162, 0.8964911349206162, 0.8964911349206162, 0.8964911349206162, 0.8964911349206162, 0.8964911349206162, 0.8964911349206162, 0.8964911349206162, 0.8964911349206162, 0.8964911349206162, 0.8964911349206162, 0.8964911349206162, 0.8964911349206162, 0.8964911349206162, 0.8964911349206162, 0.8964911349206162, 0.8964911349206162, 0.8964911349206162, 0.8964911349206162, 0.8964911349206162, 0.8964911349206162, 0.8964911349206162, 0.8964911349206162, 0.8964911349206162, 0.8964911349206162, 0.8964911349206162, 0.8964911349206162, 0.8964911349206162, 0.8964911349206162, 0.8964911349206162, 0.8964911349206162, 0.8964911349206162, 0.8964911349206162, 0.8964911349206162, 0.8964911349206162, 0.8964911349206162, 0.8964911349206162, 0.8964911349206162, 0.8964911349206162, 0.8964911349206162, 0.8964911349206162, 0.8964911349206162, 0.8964911349206162, 0.8964911349206162, 0.8964911349206162, 0.8964911349206162, 0.8964911349206162, 0.8964911349206162, 0.8964911349206162, 0.8964911349206162, 0.8964911349206162, 0.8964911349206162, 0.8964911349206162, 0.8964911349206162, 0.8964911349206162, 0.8964911349206162, 0.8964911349206162, 0.8964911349206162, 0.8964911349206162, 0.8964911349206162, 0.8964911349206162, 0.8964911349206162, 0.8964911349206162, 0.8964911349206162, 0.8964911349206162, 0.8964911349206162, 0.8964911349206162, 0.8964911349206162, 0.8964911349206162, 0.8964911349206162, 0.8964911349206162, 0.8964911349206162, 0.8964911349206162, 0.8964911349206162, 0.8964911349206162, 0.8964911349206162, 0.8964911349206162, 0.8964911349206162, 0.8964911349206162, 0.8964911349206162, 0.8964911349206162, 0.8964911349206162, 0.8964911349206162, 0.8964911349206162, 0.8964911349206162, 0.8964911349206162, 0.8964911349206162, 0.8964911349206162, 0.8964911349206162, 0.8964911349206162, 0.8964911349206162, 0.8964911349206162, 0.8964911349206162, 0.8964911349206162, 0.8964911349206162, 0.8964911349206162, 0.8964911349206162, 0.8964911349206162, 0.8964911349206162, 0.8964911349206162, 0.8964911349206162, 0.8964911349206162, 0.8964911349206162, 0.8964911349206162, 0.8964911349206162, 0.8964911349206162, 0.8964911349206162, 0.8964911349206162, 0.8964911349206162, 0.8964911349206162, 0.8964911349206162, 0.8964911349206162, 0.8964911349206162, 0.8964911349206162, 0.8964911349206162, 0.8964911349206162, 0.8964911349206162, 0.8964911349206162, 0.8964911349206162, 0.8964911349206162, 0.8964911349206162, 0.8964911349206162, 0.8964911349206162, 0.8964911349206162, 0.8964911349206162, 0.8964911349206162, 0.8964911349206162, 0.8964911349206162, 0.8964911349206162, 0.8964911349206162, 0.8964911349206162, 0.8964911349206162, 0.8964911349206162, 0.8964911349206162, 0.8964911349206162, 0.8964911349206162, 0.8964911349206162, 0.8964911349206162, 0.8964911349206162, 0.8964911349206162, 0.8964911349206162, 0.8964911349206162, 0.8964911349206162, 0.8964911349206162, 0.8964911349206162, 0.8964911349206162, 0.8964911349206162, 0.8964911349206162, 0.8964911349206162, 0.8964911349206162, 0.8964911349206162, 0.8964911349206162, 0.8964911349206162, 0.8964911349206162, 0.8964911349206162, 0.8964911349206162, 0.8964911349206162, 0.8964911349206162, 0.8964911349206162, 0.8964911349206162, 0.8964911349206162, 0.8964911349206162, 0.8964911349206162, 0.8964911349206162, 0.8964911349206162, 0.8964911349206162, 0.8964911349206162, 0.8964911349206162, 0.8964911349206162, 0.8964911349206162, 0.8964911349206162, 0.8964911349206162, 0.8964911349206162, 0.8964911349206162, 0.8964911349206162, 0.8964911349206162, 0.8964911349206162, 0.8964911349206162, 0.8964911349206162, 0.8964911349206162, 0.8964911349206162, 0.8964911349206162, 0.8964911349206162, 0.8964911349206162, 0.8964911349206162, 0.8964911349206162, 0.8964911349206162, 0.8964911349206162, 0.8964911349206162, 0.8964911349206162, 0.8964911349206162, 0.8964911349206162, 0.8964911349206162, 0.8964911349206162, 0.8964911349206162, 0.8964911349206162, 0.8964911349206162, 0.8964911349206162, 0.8964911349206162, 0.8964911349206162, 0.8964911349206162, 0.8964911349206162, 0.8964911349206162, 0.8964911349206162, 0.8964911349206162, 0.8964911349206162, 0.8964911349206162, 0.8964911349206162, 0.8964911349206162, 0.8964911349206162, 0.8964911349206162, 0.8964911349206162, 0.8964911349206162, 0.8964911349206162, 0.8964911349206162, 0.8964911349206162, 0.8964911349206162, 0.8964911349206162, 0.8964911349206162, 0.8964911349206162, 0.8964911349206162, 0.8964911349206162, 0.8964911349206162, 0.8964911349206162, 0.8964911349206162, 0.8964911349206162, 0.8964911349206162, 0.8964911349206162, 0.8964911349206162, 0.8964911349206162, 0.8964911349206162, 0.8964911349206162, 0.8964911349206162, 0.8964911349206162, 0.8964911349206162, 0.8964911349206162, 0.8964911349206162, 0.8964911349206162, 0.8964911349206162, 0.8964911349206162, 0.8964911349206162, 0.8964911349206162, 0.8964911349206162, 0.8964911349206162, 0.8964911349206162, 0.8964911349206162, 0.8964911349206162, 0.8964911349206162, 0.8964911349206162, 0.8964911349206162, 0.8964911349206162, 0.8964911349206162, 0.8964911349206162, 0.8964911349206162, 0.8964911349206162, 0.8964911349206162, 0.8964911349206162, 0.8964911349206162, 0.8964911349206162, 0.8964911349206162, 0.8964911349206162, 0.8964911349206162, 0.8964911349206162, 0.8964911349206162, 0.8964911349206162, 0.8964911349206162, 0.8964911349206162, 0.8964911349206162, 0.8964911349206162, 0.8964911349206162, 0.8964911349206162, 0.8964911349206162, 0.8964911349206162, 0.8964911349206162, 0.8964911349206162, 0.8964911349206162, 0.8964911349206162, 0.8964911349206162, 0.8964911349206162, 0.8964911349206162, 0.8964911349206162, 0.8964911349206162, 0.8964911349206162, 0.8964911349206162, 0.8964911349206162, 0.8964911349206162, 0.8964911349206162, 0.8964911349206162, 0.8964911349206162, 0.8964911349206162, 0.8964911349206162, 0.8964911349206162, 0.8964911349206162, 0.8964911349206162, 0.8964911349206162, 0.8964911349206162, 0.8964911349206162, 0.8964911349206162, 0.8964911349206162, 0.8964911349206162, 0.8964911349206162, 0.8964911349206162, 0.8964911349206162, 0.8964911349206162, 0.8964911349206162, 0.8964911349206162, 0.8964911349206162, 0.8964911349206162, 0.8964911349206162, 0.8964911349206162, 0.8964911349206162, 0.8964911349206162, 0.8964911349206162, 0.8964911349206162, 0.8964911349206162, 0.8964911349206162, 0.8964911349206162, 0.8964911349206162, 0.8964911349206162, 0.8964911349206162, 0.8964911349206162, 0.8964911349206162, 0.8964911349206162, 0.8964911349206162, 0.8964911349206162, 0.8964911349206162, 0.8964911349206162, 0.8964911349206162, 0.8964911349206162, 0.8964911349206162, 0.8964911349206162, 0.8964911349206162, 0.8964911349206162, 0.8964911349206162, 0.8964911349206162, 0.8964911349206162, 0.8964911349206162, 0.8964911349206162, 0.8964911349206162, 0.8964911349206162, 0.8964911349206162, 0.8964911349206162, 0.8964911349206162, 0.8964911349206162, 0.8964911349206162, 0.8964911349206162, 0.8964911349206162, 0.8964911349206162, 0.8964911349206162, 0.8964911349206162, 0.8964911349206162, 0.8964911349206162, 0.9149992358153464, 0.8964911349206162, 0.9149992358153464, 0.9149992358153464, 0.9149992358153464, 0.9149992358153464, 0.9149992358153464, 0.9149992358153464, 0.9149992358153464, 0.9149992358153464, 0.9149992358153464, 0.9149992358153464, 0.9149992358153464, 0.9149992358153464, 0.9149992358153464, 0.8964911349206162, 0.8964911349206162, 0.9149992358153464, 0.8964911349206162, 0.8964911349206162, 0.8964911349206162, 0.8964911349206162, 0.8964911349206162, 0.8964911349206162, 0.8964911349206162, 0.8964911349206162, 0.8964911349206162, 0.8964911349206162, 0.8964911349206162, 0.8964911349206162, 0.8964911349206162, 0.8964911349206162, 0.8964911349206162, 0.8964911349206162, 0.8964911349206162, 0.8964911349206162, 0.8964911349206162, 0.8964911349206162, 0.8964911349206162, 0.8964911349206162, 0.8964911349206162, 0.8964911349206162, 0.8964911349206162, 0.8964911349206162, 0.8964911349206162, 0.8964911349206162, 0.8964911349206162, 0.8964911349206162, 0.8964911349206162, 0.9149992358153464, 0.9149992358153464, 0.9149992358153464, 0.9149992358153464, 0.9149992358153464, 0.9149992358153464, 0.9149992358153464, 0.9149992358153464, 0.9149992358153464, 0.8964911349206162, 0.8964911349206162, 0.8964911349206162, 0.8964911349206162, 0.8964911349206162, 0.8964911349206162, 0.8964911349206162, 0.8964911349206162, 0.9149992358153464, 0.9149992358153464, 0.9149992358153464, 0.9149992358153464, 0.9149992358153464, 0.9149992358153464, 0.9149992358153464, 0.9149992358153464, 0.9149992358153464, 0.9149992358153464, 0.9149992358153464, 0.9149992358153464, 0.9149992358153464, 0.9149992358153464, 0.9149992358153464, 0.9149992358153464, 0.9149992358153464, 0.9149992358153464, 0.9149992358153464, 0.9149992358153464, 0.9149992358153464, 0.9149992358153464, 0.9149992358153464, 0.9149992358153464, 0.9149992358153464, 0.9149992358153464, 0.9149992358153464, 0.9149992358153464, 0.9149992358153464, 0.9149992358153464, 0.9149992358153464, 0.9149992358153464, 0.9149992358153464, 0.9149992358153464, 0.9149992358153464, 0.9149992358153464, 0.9149992358153464, 0.9149992358153464, 0.9149992358153464, 0.9149992358153464, 0.9149992358153464, 0.9149992358153464, 0.9149992358153464, 0.9149992358153464, 0.9149992358153464, 0.9149992358153464, 0.9149992358153464, 0.9149992358153464, 0.9149992358153464, 0.9149992358153464, 0.9149992358153464, 0.9149992358153464, 0.9149992358153464, 0.9149992358153464, 0.9149992358153464, 0.9149992358153464, 0.9149992358153464, 0.9149992358153464, 0.9149992358153464, 0.9149992358153464, 0.9149992358153464, 0.9149992358153464, 0.9149992358153464, 0.9149992358153464, 0.9149992358153464, 0.9149992358153464, 0.9149992358153464, 0.9149992358153464, 0.9149992358153464, 0.9149992358153464, 0.9149992358153464, 0.9149992358153464, 0.9149992358153464, 0.9149992358153464, 0.9149992358153464, 0.9149992358153464, 0.9149992358153464, 0.9149992358153464, 0.9149992358153464, 0.9149992358153464, 0.9149992358153464, 0.9149992358153464, 0.9149992358153464, 0.9149992358153464, 0.9149992358153464, 0.9149992358153464, 0.9149992358153464, 0.9149992358153464, 0.9149992358153464, 0.9149992358153464, 0.9149992358153464, 0.9149992358153464, 0.9149992358153464, 0.9149992358153464, 0.9149992358153464, 0.9149992358153464, 0.9149992358153464, 0.9149992358153464, 0.9149992358153464, 0.9149992358153464, 0.9149992358153464, 0.9149992358153464, 0.9149992358153464, 0.9149992358153464, 0.9149992358153464, 0.9149992358153464, 0.9149992358153464, 0.9149992358153464, 0.9149992358153464, 0.9149992358153464, 0.9149992358153464, 0.9149992358153464, 0.9149992358153464, 0.9149992358153464, 0.9149992358153464, 0.9149992358153464, 0.9149992358153464, 0.9149992358153464, 0.9149992358153464, 0.9149992358153464, 0.9149992358153464, 0.9149992358153464, 0.9149992358153464, 0.9149992358153464, 0.9149992358153464, 0.9149992358153464, 0.9149992358153464, 0.9149992358153464, 0.9149992358153464, 0.9149992358153464, 0.9149992358153464, 0.9149992358153464, 0.9149992358153464, 0.9149992358153464, 0.9149992358153464, 0.9149992358153464, 0.9149992358153464, 0.9149992358153464, 0.9149992358153464, 0.9149992358153464, 0.9149992358153464, 0.9149992358153464, 0.9149992358153464, 0.9149992358153464, 0.9149992358153464, 0.9149992358153464, 0.9149992358153464, 0.9149992358153464, 0.9149992358153464, 0.9149992358153464, 0.9149992358153464, 0.9149992358153464, 0.9149992358153464, 0.9149992358153464, 0.9149992358153464, 0.9149992358153464, 0.9149992358153464, 0.9149992358153464, 0.9149992358153464, 0.9149992358153464, 0.9149992358153464, 0.9149992358153464, 0.9149992358153464, 0.9149992358153464, 0.9149992358153464, 0.9149992358153464, 0.9149992358153464, 0.9149992358153464, 0.9149992358153464, 0.9149992358153464, 0.9149992358153464, 0.9149992358153464, 0.9149992358153464, 0.9149992358153464, 0.9149992358153464, 0.9149992358153464, 0.9149992358153464, 0.9149992358153464, 0.9149992358153464, 0.9149992358153464, 0.9149992358153464, 0.9149992358153464, 0.9149992358153464, 0.9149992358153464, 0.9149992358153464, 0.9149992358153464, 0.9149992358153464, 0.9149992358153464, 0.9149992358153464, 0.9149992358153464, 0.9149992358153464, 0.9149992358153464, 0.9149992358153464, 0.9149992358153464, 0.9149992358153464, 0.9149992358153464, 0.9149992358153464, 0.9149992358153464, 0.9149992358153464, 0.9149992358153464, 0.9149992358153464, 0.9149992358153464, 0.9149992358153464, 0.9149992358153464, 0.9149992358153464, 0.9149992358153464, 0.9149992358153464, 0.9149992358153464, 0.9149992358153464, 0.9149992358153464, 0.9149992358153464, 0.9149992358153464, 0.9149992358153464, 0.9149992358153464, 0.9149992358153464, 0.9149992358153464, 0.9149992358153464, 0.9149992358153464, 0.9149992358153464, 0.9149992358153464, 0.9149992358153464, 0.9149992358153464, 0.9149992358153464, 0.9149992358153464, 0.9149992358153464, 0.9149992358153464, 0.9149992358153464, 0.9149992358153464, 0.9149992358153464, 0.9149992358153464, 0.9149992358153464, 0.9149992358153464, 0.9149992358153464, 0.9149992358153464, 0.9149992358153464, 0.9149992358153464, 0.9149992358153464, 0.9149992358153464, 0.9149992358153464, 0.9149992358153464, 0.9149992358153464, 0.9149992358153464, 0.9149992358153464, 0.9149992358153464, 0.9149992358153464, 0.9149992358153464, 0.9149992358153464, 0.9149992358153464, 0.9149992358153464, 0.9149992358153464, 0.9149992358153464, 0.9149992358153464, 0.9149992358153464, 0.9149992358153464, 0.9149992358153464, 0.9149992358153464, 0.9149992358153464, 0.9149992358153464, 0.9149992358153464, 0.9149992358153464, 0.9149992358153464, 0.9149992358153464, 0.9149992358153464, 0.9149992358153464, 0.9149992358153464, 0.9149992358153464, 0.9149992358153464, 0.9149992358153464, 0.9149992358153464, 0.9149992358153464, 0.9149992358153464, 0.9149992358153464, 0.9149992358153464, 0.9149992358153464, 0.9149992358153464, 0.9149992358153464, 0.9149992358153464, 0.9149992358153464, 0.9149992358153464, 0.9149992358153464, 0.9149992358153464, 0.9149992358153464, 0.9149992358153464, 0.9149992358153464, 0.9149992358153464, 0.9149992358153464, 0.9149992358153464, 0.9149992358153464, 0.9149992358153464, 0.9149992358153464, 0.9149992358153464, 0.9149992358153464, 0.9149992358153464, 0.9149992358153464, 0.9149992358153464, 0.9149992358153464, 0.9149992358153464, 0.9149992358153464, 0.9149992358153464, 0.9149992358153464, 0.9149992358153464, 0.9149992358153464, 0.9149992358153464, 0.9149992358153464, 0.9149992358153464, 0.9149992358153464, 0.9149992358153464, 0.9149992358153464, 0.9149992358153464, 0.9149992358153464, 0.9149992358153464, 0.9149992358153464, 0.9149992358153464, 0.9149992358153464, 0.9149992358153464, 0.9149992358153464, 0.9149992358153464, 0.9149992358153464, 0.9149992358153464, 0.9149992358153464, 0.9149992358153464, 0.9149992358153464, 0.9149992358153464, 0.9149992358153464, 0.9149992358153464, 0.9149992358153464, 0.9149992358153464, 0.9149992358153464, 0.9149992358153464, 0.9149992358153464, 0.9149992358153464, 0.9149992358153464, 0.9149992358153464, 0.9149992358153464, 0.9149992358153464, 0.9149992358153464, 0.9149992358153464, 0.9149992358153464, 0.9149992358153464, 0.9149992358153464, 0.9149992358153464, 0.9149992358153464, 0.9149992358153464, 0.9149992358153464, 0.9149992358153464, 0.9149992358153464, 0.9149992358153464, 0.9149992358153464, 0.9149992358153464, 0.9149992358153464, 0.9149992358153464, 0.9149992358153464, 0.9149992358153464, 0.9149992358153464, 0.9149992358153464, 0.9149992358153464, 0.9149992358153464, 0.9149992358153464, 0.9149992358153464, 0.9149992358153464, 0.9149992358153464, 0.9149992358153464, 0.9149992358153464, 0.9149992358153464, 0.9149992358153464, 0.9149992358153464, 0.9149992358153464, 0.9149992358153464, 0.9149992358153464, 0.9149992358153464, 0.9149992358153464, 0.9149992358153464, 0.9149992358153464, 0.9149992358153464, 0.9149992358153464, 0.9149992358153464, 0.9149992358153464, 0.9149992358153464, 0.9149992358153464, 0.9149992358153464, 0.9149992358153464, 0.9149992358153464, 0.9149992358153464, 0.9149992358153464, 0.9149992358153464, 0.9149992358153464, 0.9149992358153464, 0.9149992358153464, 0.9149992358153464, 0.9149992358153464, 0.9149992358153464, 0.9149992358153464, 0.9149992358153464, 0.9149992358153464, 0.9149992358153464, 0.9149992358153464, 0.9149992358153464, 0.9149992358153464, 0.9149992358153464, 0.9149992358153464, 0.9149992358153464, 0.9149992358153464, 0.9149992358153464, 0.9149992358153464, 0.9149992358153464, 0.9149992358153464, 0.9149992358153464, 0.9149992358153464, 0.9149992358153464, 0.9149992358153464, 0.9149992358153464, 0.9149992358153464, 0.9149992358153464, 0.9149992358153464, 0.9149992358153464, 0.9149992358153464, 0.9149992358153464, 0.9149992358153464, 0.9149992358153464, 0.9149992358153464, 0.9149992358153464, 0.9149992358153464, 0.9149992358153464, 0.9149992358153464, 0.9149992358153464, 0.9149992358153464, 0.9149992358153464, 0.9149992358153464, 0.9149992358153464, 0.9149992358153464, 0.9149992358153464, 0.9149992358153464, 0.9149992358153464, 0.9149992358153464, 0.9149992358153464, 0.9149992358153464, 0.9149992358153464, 0.9149992358153464, 0.9149992358153464, 0.9149992358153464, 0.9149992358153464, 0.9149992358153464, 0.9149992358153464, 0.9149992358153464, 0.9149992358153464, 0.9149992358153464, 0.9149992358153464, 0.9149992358153464, 0.9149992358153464, 0.9149992358153464, 0.9149992358153464, 0.9149992358153464, 0.9149992358153464, 0.9149992358153464, 0.9149992358153464, 0.9149992358153464, 0.9149992358153464, 0.9149992358153464, 0.9149992358153464, 0.9149992358153464, 0.9149992358153464, 0.9149992358153464, 0.9149992358153464, 0.9149992358153464, 0.9149992358153464, 0.9149992358153464, 0.9149992358153464, 0.9149992358153464, 0.9149992358153464, 0.9149992358153464, 0.9149992358153464, 0.9149992358153464, 0.9149992358153464, 0.9149992358153464, 0.9149992358153464, 0.9149992358153464, 0.9149992358153464, 0.9149992358153464, 0.9149992358153464, 0.9149992358153464, 0.9149992358153464, 0.9149992358153464, 0.9149992358153464, 0.9149992358153464, 0.9149992358153464, 0.9149992358153464, 0.9149992358153464, 0.9149992358153464, 0.9149992358153464, 0.9149992358153464, 0.9149992358153464, 0.9149992358153464, 0.9149992358153464, 0.9149992358153464, 0.9149992358153464, 0.9149992358153464, 0.9149992358153464, 0.9149992358153464, 0.9149992358153464, 0.9149992358153464, 0.9149992358153464, 0.9149992358153464, 0.9149992358153464, 0.9149992358153464, 0.9149992358153464, 0.9149992358153464, 0.9149992358153464, 0.9149992358153464, 0.9149992358153464, 0.9149992358153464, 0.9149992358153464, 0.9149992358153464, 0.9149992358153464, 0.9149992358153464, 0.9149992358153464, 0.9149992358153464, 0.9149992358153464, 0.9149992358153464, 0.9149992358153464, 0.9149992358153464, 0.9149992358153464, 0.9149992358153464, 0.9149992358153464, 0.9149992358153464, 0.9149992358153464, 0.9149992358153464, 0.9149992358153464, 0.9149992358153464, 0.9149992358153464, 0.9149992358153464, 0.9149992358153464, 0.9149992358153464, 0.9149992358153464, 0.9149992358153464, 0.9149992358153464, 0.9149992358153464, 0.9149992358153464, 0.9149992358153464, 0.9149992358153464, 0.9149992358153464, 0.9149992358153464, 0.9149992358153464, 0.9149992358153464, 0.9149992358153464, 0.9149992358153464, 0.9149992358153464, 0.9149992358153464, 0.9149992358153464, 0.9149992358153464, 0.9149992358153464, 0.9149992358153464, 0.9149992358153464, 0.9149992358153464, 0.9149992358153464, 0.9149992358153464, 0.9149992358153464, 0.9149992358153464, 0.9149992358153464, 0.9149992358153464, 0.9149992358153464, 0.9149992358153464, 0.9149992358153464, 0.9149992358153464, 0.9149992358153464, 0.9149992358153464, 0.9149992358153464, 0.9149992358153464, 0.9149992358153464, 0.9149992358153464, 0.9149992358153464, 0.9149992358153464, 0.9149992358153464, 0.9149992358153464, 0.9149992358153464, 0.9149992358153464, 0.9149992358153464, 0.9149992358153464, 0.9149992358153464, 0.9149992358153464, 0.9149992358153464, 0.9149992358153464, 0.9149992358153464, 0.9149992358153464, 0.9149992358153464, 0.9149992358153464, 0.9149992358153464, 0.9149992358153464, 0.9149992358153464, 0.9149992358153464, 0.9149992358153464, 0.9149992358153464, 0.9149992358153464, 0.9149992358153464, 0.9149992358153464, 0.9149992358153464, 0.9149992358153464, 0.9149992358153464, 0.9149992358153464, 0.9149992358153464, 0.9149992358153464, 0.9149992358153464, 0.93649528795789, 0.93649528795789, 0.93649528795789, 0.93649528795789, 0.93649528795789, 0.93649528795789, 0.93649528795789, 0.93649528795789, 0.93649528795789, 0.93649528795789, 0.93649528795789, 0.93649528795789, 0.93649528795789, 0.93649528795789, 0.93649528795789, 0.93649528795789, 0.93649528795789, 0.93649528795789, 0.93649528795789, 0.93649528795789, 0.93649528795789, 0.93649528795789, 0.93649528795789, 0.93649528795789, 0.93649528795789, 0.93649528795789, 0.93649528795789, 0.93649528795789, 0.93649528795789, 0.93649528795789, 0.93649528795789, 0.93649528795789, 0.93649528795789, 0.93649528795789, 0.93649528795789, 0.93649528795789, 0.93649528795789, 0.93649528795789, 0.93649528795789, 0.93649528795789, 0.93649528795789, 0.93649528795789, 0.93649528795789, 0.93649528795789, 0.93649528795789, 0.93649528795789, 0.93649528795789, 0.93649528795789, 0.93649528795789, 0.93649528795789, 0.93649528795789, 0.93649528795789, 0.93649528795789, 0.93649528795789, 0.93649528795789, 0.93649528795789, 0.93649528795789, 0.93649528795789, 0.93649528795789, 0.93649528795789, 0.93649528795789, 0.93649528795789, 0.93649528795789, 0.93649528795789, 0.93649528795789, 0.93649528795789, 0.93649528795789, 0.93649528795789, 0.93649528795789, 0.93649528795789, 0.93649528795789, 0.93649528795789, 0.93649528795789, 0.93649528795789, 0.93649528795789, 0.93649528795789, 0.93649528795789, 0.93649528795789, 0.93649528795789, 0.93649528795789, 0.93649528795789, 0.93649528795789, 0.93649528795789, 0.93649528795789, 0.93649528795789, 0.93649528795789, 0.93649528795789, 0.93649528795789, 0.93649528795789, 0.93649528795789, 0.93649528795789, 0.93649528795789, 0.93649528795789, 0.9483181166362892, 0.9483181166362892, 0.9483181166362892, 0.9483181166362892, 0.9483181166362892, 0.9483181166362892, 0.9483181166362892, 0.9483181166362892, 0.9483181166362892, 0.9483181166362892, 0.9483181166362892, 0.9483181166362892, 0.9483181166362892, 0.9483181166362892, 0.9483181166362892, 0.9483181166362892, 0.9483181166362892, 0.9483181166362892, 0.9483181166362892, 0.9483181166362892, 0.9483181166362892, 0.9483181166362892, 0.9483181166362892, 0.9483181166362892, 0.9483181166362892, 0.9483181166362892, 0.9483181166362892, 0.9483181166362892, 0.9483181166362892, 0.9483181166362892, 0.9483181166362892, 0.9483181166362892, 0.9483181166362892, 0.9483181166362892, 0.9483181166362892, 0.9483181166362892, 0.9483181166362892, 0.9483181166362892, 0.9483181166362892, 0.9483181166362892, 0.9483181166362892, 0.9483181166362892, 0.9483181166362892, 0.9483181166362892, 0.9483181166362892, 0.9483181166362892, 0.9483181166362892, 0.9483181166362892, 0.9483181166362892, 0.9483181166362892, 0.9483181166362892, 0.9483181166362892, 0.9483181166362892, 0.9483181166362892, 0.9483181166362892, 0.9483181166362892, 0.9483181166362892, 0.9483181166362892, 0.9483181166362892, 0.9483181166362892, 0.9483181166362892, 0.9483181166362892, 0.9483181166362892, 0.9483181166362892, 0.9483181166362892, 0.9483181166362892, 0.9483181166362892, 0.9483181166362892, 0.9483181166362892, 0.9483181166362892, 0.9483181166362892, 0.9483181166362892, 0.9483181166362892, 0.9483181166362892, 0.9483181166362892, 0.9483181166362892, 0.9483181166362892, 0.9483181166362892, 0.9483181166362892, 0.9483181166362892, 0.9483181166362892, 0.9483181166362892, 0.9483181166362892, 0.9483181166362892, 0.9483181166362892, 0.9483181166362892, 0.9483181166362892, 0.9483181166362892, 0.9483181166362892, 0.9483181166362892, 0.9483181166362892, 0.9483181166362892, 0.9483181166362892, 0.9483181166362892, 0.9483181166362892, 0.9483181166362892, 0.9483181166362892, 0.9483181166362892, 0.9483181166362892, 0.9483181166362892, 0.9483181166362892, 0.9483181166362892, 0.9483181166362892, 0.9483181166362892, 0.9483181166362892, 0.9483181166362892, 0.9483181166362892, 0.9483181166362892, 0.9483181166362892, 0.9483181166362892, 0.9483181166362892, 0.9483181166362892, 0.9483181166362892, 0.9483181166362892, 0.9483181166362892, 0.9483181166362892, 0.9483181166362892, 0.9483181166362892, 0.9483181166362892, 0.9483181166362892, 0.9483181166362892, 0.9483181166362892, 0.9483181166362892, 0.9483181166362892, 0.9483181166362892, 0.9483181166362892, 0.9483181166362892, 0.9483181166362892, 0.9483181166362892, 0.9483181166362892, 0.9483181166362892, 0.9483181166362892, 0.9483181166362892, 0.9483181166362892, 0.9483181166362892, 0.9483181166362892, 0.9483181166362892, 0.9483181166362892, 0.9483181166362892, 0.9483181166362892, 0.9483181166362892, 0.9483181166362892, 0.9483181166362892, 0.9483181166362892, 0.9483181166362892, 0.9483181166362892, 0.9483181166362892, 0.9483181166362892, 0.9483181166362892, 0.9483181166362892, 0.9483181166362892, 0.9483181166362892, 0.9483181166362892, 0.9483181166362892, 0.9483181166362892, 0.9483181166362892, 0.9483181166362892, 0.9483181166362892, 0.9483181166362892, 0.9483181166362892, 0.9483181166362892, 0.9483181166362892, 0.9483181166362892, 0.9483181166362892, 0.9483181166362892, 0.9483181166362892, 0.9483181166362892, 0.9483181166362892, 0.9483181166362892, 0.9483181166362892, 0.9483181166362892, 0.9483181166362892, 0.9483181166362892, 0.9483181166362892, 0.9483181166362892, 0.9483181166362892, 0.9483181166362892, 0.9483181166362892, 0.9483181166362892, 0.9483181166362892, 0.9483181166362892, 0.9483181166362892, 0.9483181166362892, 0.9483181166362892, 0.9483181166362892, 0.9483181166362892, 0.9483181166362892, 0.9483181166362892, 0.9483181166362892, 0.9483181166362892, 0.9483181166362892, 0.9483181166362892, 0.9483181166362892, 0.9483181166362892, 0.9483181166362892, 0.9483181166362892, 0.9483181166362892, 0.9772303067680105, 0.9772303067680105, 0.9772303067680105, 0.9772303067680105, 0.9772303067680105, 0.9772303067680105, 0.9772303067680105, 0.9772303067680105, 0.9772303067680105, 0.9772303067680105, 0.9772303067680105, 0.9772303067680105, 0.9772303067680105, 0.9772303067680105, 0.9772303067680105, 0.9772303067680105, 0.9772303067680105, 0.9772303067680105, 0.9772303067680105, 0.9772303067680105, 0.9772303067680105, 0.9772303067680105, 0.9772303067680105, 0.9772303067680105, 0.9772303067680105, 0.9772303067680105, 0.9772303067680105, 0.9772303067680105, 0.9772303067680105, 0.9772303067680105, 0.9772303067680105, 0.9772303067680105, 0.9772303067680105, 0.9772303067680105, 0.9772303067680105, 0.9772303067680105, 0.9772303067680105, 0.9772303067680105, 0.9772303067680105, 0.9772303067680105, 0.9772303067680105, 0.9772303067680105, 0.9772303067680105, 0.9772303067680105, 0.9772303067680105, 0.9772303067680105, 0.9772303067680105, 0.9772303067680105, 0.9772303067680105, 0.9772303067680105, 0.9772303067680105, 0.9772303067680105, 0.9772303067680105, 0.9772303067680105, 0.9772303067680105, 0.9772303067680105, 0.9772303067680105, 0.9772303067680105, 0.9772303067680105, 0.9772303067680105, 0.9772303067680105, 0.9772303067680105, 0.9772303067680105, 0.9772303067680105, 0.9772303067680105, 0.9772303067680105, 0.9772303067680105, 0.9772303067680105, 0.9772303067680105, 0.9772303067680105, 0.9772303067680105, 0.9772303067680105, 0.9772303067680105, 0.9772303067680105, 0.9772303067680105, 0.9772303067680105, 0.9772303067680105, 0.9772303067680105, 0.9772303067680105, 0.9772303067680105, 0.9772303067680105, 0.9772303067680105, 0.9772303067680105, 0.9772303067680105, 0.9772303067680105, 0.9772303067680105, 0.9772303067680105, 0.9772303067680105, 0.9772303067680105, 0.9772303067680105, 0.9772303067680105, 0.9772303067680105, 0.9772303067680105, 0.9772303067680105, 0.9772303067680105, 0.9772303067680105, 0.9772303067680105, 0.9772303067680105, 0.9772303067680105, 0.9772303067680105, 0.9772303067680105, 0.9772303067680105, 0.9772303067680105, 0.9772303067680105, 0.9772303067680105, 0.9772303067680105, 0.9772303067680105, 0.9772303067680105, 0.9772303067680105, 0.9772303067680105, 0.9772303067680105, 0.9772303067680105, 0.9772303067680105, 0.9772303067680105, 0.9772303067680105, 0.9772303067680105, 0.9772303067680105, 0.9772303067680105, 0.9772303067680105, 0.9772303067680105, 0.9772303067680105, 0.9772303067680105, 0.9772303067680105, 0.9772303067680105, 0.9772303067680105, 0.9772303067680105, 0.9772303067680105, 0.9772303067680105, 0.9772303067680105, 0.9772303067680105, 0.9772303067680105, 0.9772303067680105, 0.9772303067680105, 0.9772303067680105, 0.9772303067680105, 0.9772303067680105, 0.9772303067680105, 0.9772303067680105, 0.9772303067680105, 0.9772303067680105, 0.9772303067680105, 0.9772303067680105, 0.9772303067680105, 0.9772303067680105, 0.9772303067680105, 0.9772303067680105, 0.9772303067680105, 0.9772303067680105, 0.9772303067680105, 0.9772303067680105, 0.9772303067680105, 0.9772303067680105, 0.9772303067680105, 0.9772303067680105, 0.9772303067680105, 0.9772303067680105, 0.9772303067680105, 0.9772303067680105, 0.9772303067680105, 0.9772303067680105, 0.9772303067680105, 0.9772303067680105, 0.9772303067680105, 0.9772303067680105, 0.9772303067680105, 0.9772303067680105, 0.9772303067680105, 0.9772303067680105, 0.9772303067680105, 0.9772303067680105, 0.9772303067680105, 0.9772303067680105, 0.9772303067680105, 0.9772303067680105, 0.9772303067680105, 0.9772303067680105, 0.9772303067680105, 0.9772303067680105, 0.9772303067680105, 0.9772303067680105, 0.9772303067680105, 0.9772303067680105, 0.9772303067680105, 0.9772303067680105, 0.9772303067680105, 0.9772303067680105, 0.9772303067680105, 0.9772303067680105, 0.9772303067680105, 0.9772303067680105, 0.9772303067680105, 0.9772303067680105, 0.9772303067680105, 0.9772303067680105, 0.9772303067680105, 0.9772303067680105, 0.9772303067680105, 0.9772303067680105, 0.9772303067680105, 0.9772303067680105, 0.9772303067680105, 0.9772303067680105, 0.9772303067680105, 0.9772303067680105, 0.9772303067680105, 0.9772303067680105, 0.9772303067680105, 0.9772303067680105, 0.9772303067680105, 0.9772303067680105, 0.9772303067680105, 0.9772303067680105, 0.9772303067680105, 0.9772303067680105, 0.9772303067680105, 0.9772303067680105, 0.9772303067680105, 0.9772303067680105, 0.9772303067680105, 0.9772303067680105, 0.9772303067680105, 0.9772303067680105, 0.9772303067680105, 0.9772303067680105, 0.9772303067680105, 0.9772303067680105, 0.9772303067680105, 0.9772303067680105, 0.9772303067680105, 0.9772303067680105, 0.9772303067680105, 0.9772303067680105, 0.9772303067680105, 0.9772303067680105, 0.9772303067680105, 0.9772303067680105, 0.9772303067680105, 0.9772303067680105, 0.9772303067680105, 0.9772303067680105, 0.9772303067680105, 0.9772303067680105, 0.9772303067680105, 0.9772303067680105, 0.9772303067680105, 0.9772303067680105, 0.9772303067680105, 0.9772303067680105, 0.9772303067680105, 0.9772303067680105, 0.9772303067680105, 0.9772303067680105, 0.9772303067680105, 0.9772303067680105, 0.9772303067680105, 0.9772303067680105, 0.9772303067680105, 0.9772303067680105, 0.9772303067680105, 0.9772303067680105, 0.9772303067680105, 0.9772303067680105, 0.9772303067680105, 0.9772303067680105, 0.9772303067680105, 0.9772303067680105, 0.9772303067680105, 0.9772303067680105, 0.9772303067680105, 0.9772303067680105, 0.9772303067680105, 0.9772303067680105, 0.9772303067680105, 0.9772303067680105, 0.9772303067680105, 0.9772303067680105, 0.9772303067680105, 0.9772303067680105, 0.9772303067680105, 0.9772303067680105, 0.9772303067680105, 0.9772303067680105, 0.9772303067680105, 0.9772303067680105, 0.9772303067680105, 0.9772303067680105, 0.9772303067680105, 0.9772303067680105, 0.9772303067680105, 0.9772303067680105, 0.9772303067680105, 0.9772303067680105, 0.9772303067680105, 0.9772303067680105, 0.9772303067680105, 0.9772303067680105, 0.9772303067680105, 0.9772303067680105, 0.9772303067680105, 0.9772303067680105, 0.9772303067680105, 0.9772303067680105, 0.9772303067680105, 0.9772303067680105, 0.9772303067680105, 0.9772303067680105, 0.9772303067680105, 0.9772303067680105, 0.9772303067680105, 0.9772303067680105, 0.9772303067680105, 0.9772303067680105, 0.9772303067680105, 0.9772303067680105, 0.9772303067680105, 0.9772303067680105, 0.9772303067680105, 0.9772303067680105, 0.9772303067680105, 0.9772303067680105, 0.9772303067680105, 0.9772303067680105, 0.9772303067680105, 0.9772303067680105, 0.9772303067680105, 0.9772303067680105, 0.9772303067680105, 0.9772303067680105, 0.9772303067680105, 0.9772303067680105, 0.9772303067680105, 0.9772303067680105, 0.9772303067680105, 0.9772303067680105, 0.9772303067680105, 0.9772303067680105, 0.9772303067680105, 0.9772303067680105, 0.9772303067680105, 0.9772303067680105, 0.9772303067680105, 0.9772303067680105, 0.9772303067680105, 0.9772303067680105, 0.9772303067680105, 0.9772303067680105, 0.9772303067680105, 0.9772303067680105, 0.9772303067680105, 0.9772303067680105, 0.9772303067680105, 0.9772303067680105, 0.9772303067680105, 0.9772303067680105, 0.9772303067680105, 0.9772303067680105, 0.9772303067680105, 0.9772303067680105, 0.9772303067680105, 0.9772303067680105, 0.9772303067680105, 0.9772303067680105, 0.9772303067680105, 0.9772303067680105, 0.9772303067680105, 0.9772303067680105, 0.9772303067680105, 0.9772303067680105, 0.9772303067680105, 0.9772303067680105, 0.9772303067680105, 0.9772303067680105, 0.9772303067680105, 0.9772303067680105, 0.9772303067680105, 0.9772303067680105, 0.9772303067680105, 0.9772303067680105, 0.9772303067680105, 0.9772303067680105, 0.9772303067680105, 0.9772303067680105, 0.9772303067680105, 0.9772303067680105, 0.9772303067680105, 0.9772303067680105, 0.9772303067680105, 0.9772303067680105, 0.9772303067680105, 0.9987263589105543, 0.9987263589105543, 0.9987263589105543, 0.9987263589105543, 0.9987263589105543, 0.9987263589105543, 0.9987263589105543, 0.9987263589105543, 0.9987263589105543, 0.9987263589105543, 0.9987263589105543, 0.9987263589105543, 0.9987263589105543, 0.9987263589105543, 0.9987263589105543, 0.9987263589105543, 0.9987263589105543, 0.9987263589105543, 0.9987263589105543, 0.9987263589105543, 0.9987263589105543, 0.9987263589105543, 0.9987263589105543, 0.9987263589105543, 0.9987263589105543, 0.9987263589105543, 0.9987263589105543, 0.9987263589105543, 0.9987263589105543, 0.9987263589105543, 0.9987263589105543, 0.9987263589105543, 0.9987263589105543, 0.9987263589105543, 0.9987263589105543, 0.9987263589105543, 0.9987263589105543, 0.9987263589105543, 0.9987263589105543, 0.9987263589105543, 0.9987263589105543, 0.9987263589105543, 0.9987263589105543, 0.9987263589105543, 0.9987263589105543, 0.9987263589105543, 0.9987263589105543, 0.9987263589105543, 0.9987263589105543, 0.9987263589105543, 0.9987263589105543, 0.9987263589105543, 0.9987263589105543, 0.9987263589105543, 0.9987263589105543, 0.9987263589105543, 0.9987263589105543, 0.9987263589105543, 0.9987263589105543, 0.9987263589105543, 0.9987263589105543, 0.9987263589105543, 0.9987263589105543, 0.9987263589105543, 0.9987263589105543, 0.9987263589105543, 0.9987263589105543, 0.9987263589105543, 0.9987263589105543, 0.9987263589105543, 0.9987263589105543, 0.9987263589105543, 0.9987263589105543, 0.9987263589105543, 0.9987263589105543, 0.9987263589105543, 0.9987263589105543, 0.9987263589105543, 0.9987263589105543, 0.9987263589105543, 0.9987263589105543, 0.9987263589105543, 0.9987263589105543, 0.9987263589105543, 0.9987263589105543, 0.9987263589105543, 0.9987263589105543, 0.9987263589105543, 0.9987263589105543, 0.9987263589105543, 0.9987263589105543, 0.9987263589105543, 0.9987263589105543, 0.9987263589105543, 0.9987263589105543, 0.9987263589105543, 0.9987263589105543, 0.9987263589105543, 0.9987263589105543, 0.9987263589105543, 0.9987263589105543, 0.9987263589105543, 0.9987263589105543, 0.9987263589105543, 0.9987263589105543, 0.9987263589105543, 0.9987263589105543, 0.9987263589105543, 0.9987263589105543, 0.9987263589105543, 0.9987263589105543, 0.9987263589105543, 0.9987263589105543, 0.9987263589105543, 0.9987263589105543, 0.9987263589105543, 0.9987263589105543, 0.9987263589105543, 0.9987263589105543, 0.9987263589105543, 0.9987263589105543, 0.9987263589105543, 0.9987263589105543, 0.9987263589105543, 0.9987263589105543, 0.9987263589105543, 0.9987263589105543, 0.9987263589105543, 0.9987263589105543, 0.9987263589105543, 0.9987263589105543, 0.9987263589105543, 0.9987263589105543, 0.9987263589105543, 0.9987263589105543, 0.9987263589105543, 0.9987263589105543, 0.9987263589105543, 0.9987263589105543, 0.9987263589105543, 0.9987263589105543, 0.9987263589105543, 0.9987263589105543, 0.9987263589105543, 0.9987263589105543, 0.9987263589105543, 0.9987263589105543, 0.9987263589105543, 0.9987263589105543, 0.9987263589105543, 0.9987263589105543, 0.9987263589105543, 0.9987263589105543, 0.9987263589105543, 0.9987263589105543, 0.9987263589105543, 0.9987263589105543, 0.9987263589105543, 0.9987263589105543, 0.9987263589105543, 0.9987263589105543, 0.9987263589105543, 0.9987263589105543, 0.9987263589105543, 0.9987263589105543, 0.9987263589105543, 0.9987263589105543, 0.9987263589105543, 0.9987263589105543, 0.9987263589105543, 0.9987263589105543, 0.9987263589105543, 0.9987263589105543, 0.9987263589105543, 0.9987263589105543, 0.9987263589105543, 1.1212538561230536, 1.1212538561230536, 1.1212538561230536, 1.1212538561230536, 1.1212538561230536, 1.1212538561230536, 1.1212538561230536, 1.1212538561230536, 1.1212538561230536, 1.1212538561230536, 1.1212538561230536, 1.1212538561230536, 1.1212538561230536, 1.1212538561230536, 1.1212538561230536, 1.1212538561230536, 1.1212538561230536, 1.1212538561230536, 1.1212538561230536, 1.1212538561230536, 1.1212538561230536, 1.1212538561230536, 1.1212538561230536, 1.1212538561230536, 1.1212538561230536, 1.1212538561230536, 1.1212538561230536, 1.1212538561230536, 1.1212538561230536, 1.1212538561230536, 1.1212538561230536, 1.1212538561230536, 1.1212538561230536, 1.1212538561230536, 1.1212538561230536, 1.1212538561230536, 1.1212538561230536, 1.1212538561230536, 1.1212538561230536, 1.1212538561230536, 1.1212538561230536, 1.1212538561230536, 1.1212538561230536, 1.1212538561230536, 1.1212538561230536, 1.1212538561230536, 1.1212538561230536, 1.1212538561230536, 1.1212538561230536, 1.1212538561230536, 1.1212538561230536, 1.1212538561230536, 1.1212538561230536, 1.1212538561230536, 1.1212538561230536, 1.1212538561230536, 1.1212538561230536, 1.1212538561230536, 1.1212538561230536, 1.2049358375087624, 1.2049358375087624, 1.2049358375087624, 1.2049358375087624, 1.2049358375087624, 1.2049358375087624, 1.2049358375087624, 1.2049358375087624, 1.2049358375087624, 1.2049358375087624, 1.2049358375087624, 1.2049358375087624, 1.2049358375087624, 1.2049358375087624, 1.2049358375087624, 1.2049358375087624, 1.2049358375087624, 1.2049358375087624, 1.2049358375087624, 1.2049358375087624, 1.2049358375087624, 1.2049358375087624, 1.2049358375087624, 1.2049358375087624, 1.2049358375087624, 1.2049358375087624, 1.2049358375087624, 1.2049358375087624, 1.2049358375087624, 1.2049358375087624, 1.2049358375087624, 1.2049358375087624, 1.176023647377041, 1.176023647377041, 1.2049358375087624, 1.2049358375087624, 1.2049358375087624, 1.2049358375087624, 1.2049358375087624, 1.2049358375087624, 1.2049358375087624, 1.2049358375087624, 1.2049358375087624, 1.2049358375087624, 1.2049358375087624, 1.2049358375087624, 1.2049358375087624, 1.2049358375087624, 1.2049358375087624, 1.2049358375087624, 1.2049358375087624, 1.2049358375087624, 1.2049358375087624, 1.2049358375087624, 1.2049358375087624, 1.2049358375087624, 1.2049358375087624, 1.2049358375087624, 1.2049358375087624, 1.2049358375087624, 1.2049358375087624, 1.2049358375087624, 1.2049358375087624, 1.2049358375087624, 1.2049358375087624, 1.176023647377041, 1.176023647377041, 1.176023647377041, 1.176023647377041, 1.176023647377041, 1.176023647377041, 1.176023647377041, 1.176023647377041, 1.176023647377041, 1.176023647377041, 1.176023647377041, 1.176023647377041, 1.176023647377041, 1.176023647377041, 1.176023647377041, 1.176023647377041, 1.176023647377041, 1.176023647377041, 1.176023647377041, 1.2049358375087624, 1.176023647377041, 1.176023647377041, 1.176023647377041, 1.176023647377041, 1.176023647377041, 1.176023647377041, 1.176023647377041, 1.176023647377041, 1.176023647377041, 1.176023647377041, 1.176023647377041, 1.176023647377041, 1.176023647377041, 1.176023647377041, 1.176023647377041, 1.2049358375087624, 1.2049358375087624, 1.2049358375087624, 1.2049358375087624, 1.2049358375087624, 1.2049358375087624, 1.2049358375087624, 1.2049358375087624, 1.2049358375087624, 1.2049358375087624, 1.2049358375087624, 1.2049358375087624, 1.2049358375087624, 1.2049358375087624, 1.2049358375087624, 1.2049358375087624, 1.2049358375087624, 1.2049358375087624, 1.2049358375087624, 1.2049358375087624, 1.2049358375087624, 1.2049358375087624, 1.2049358375087624, 1.2049358375087624, 1.2049358375087624, 1.2049358375087624, 1.2049358375087624, 1.2049358375087624, 1.2049358375087624, 1.2049358375087624, 1.2049358375087624, 1.2049358375087624, 1.2049358375087624, 1.2049358375087624, 1.2049358375087624, 1.2049358375087624, 1.2049358375087624, 1.2049358375087624, 1.2049358375087624, 1.2049358375087624, 1.2049358375087624, 1.2049358375087624, 1.2049358375087624, 1.2049358375087624, 1.2049358375087624, 1.2049358375087624, 1.2049358375087624, 1.2049358375087624, 1.2049358375087624, 1.2049358375087624, 1.2049358375087624, 1.2049358375087624, 1.2049358375087624, 1.2049358375087624, 1.2049358375087624, 1.2049358375087624, 1.2049358375087624, 1.2049358375087624, 1.2049358375087624, 1.2049358375087624, 1.2049358375087624, 1.2049358375087624, 1.2049358375087624, 1.2049358375087624, 1.2049358375087624, 1.2049358375087624, 1.2049358375087624, 1.2049358375087624, 1.2049358375087624, 1.2049358375087624, 1.2049358375087624, 1.2049358375087624, 1.2049358375087624, 1.2049358375087624, 1.2049358375087624, 1.2049358375087624, 1.2049358375087624, 1.2049358375087624, 1.2049358375087624, 1.2049358375087624, 1.2049358375087624, 1.2049358375087624, 1.2049358375087624, 1.2049358375087624, 1.2049358375087624, 1.2049358375087624, 1.2049358375087624, 1.2049358375087624, 1.2049358375087624, 1.2049358375087624, 1.2049358375087624, 1.2049358375087624, 1.2049358375087624, 1.2049358375087624, 1.2049358375087624, 1.2049358375087624, 1.2049358375087624, 1.2049358375087624, 1.2049358375087624, 1.2049358375087624, 1.2049358375087624, 1.2049358375087624, 1.2049358375087624, 1.2049358375087624, 1.2049358375087624, 1.2049358375087624, 1.2049358375087624, 1.2049358375087624, 1.2049358375087624, 1.2049358375087624, 1.2049358375087624, 1.2049358375087624, 1.2049358375087624, 1.2049358375087624, 1.2049358375087624, 1.2049358375087624, 1.2049358375087624, 1.2049358375087624, 1.2049358375087624, 1.2049358375087624, 1.2049358375087624, 1.2049358375087624, 1.2049358375087624, 1.2049358375087624, 1.2049358375087624, 1.2049358375087624, 1.2049358375087624, 1.2049358375087624, 1.2049358375087624, 1.2049358375087624, 1.2049358375087624, 1.2049358375087624, 1.2049358375087624, 1.2049358375087624, 1.2049358375087624, 1.2049358375087624, 1.2049358375087624, 1.2049358375087624, 1.2049358375087624, 1.2049358375087624, 1.2049358375087624, 1.2049358375087624, 1.2049358375087624, 1.2049358375087624, 1.2049358375087624, 1.2049358375087624, 1.2049358375087624, 1.2049358375087624, 1.2049358375087624, 1.2049358375087624, 1.2049358375087624, 1.2049358375087624, 1.2049358375087624, 1.2049358375087624, 1.2049358375087624, 1.2049358375087624, 1.2049358375087624, 1.2049358375087624, 1.2049358375087624, 1.2049358375087624, 1.2049358375087624, 1.2049358375087624, 1.2049358375087624, 1.2049358375087624, 1.2049358375087624, 1.2049358375087624, 1.2049358375087624, 1.2049358375087624, 1.2049358375087624, 1.2049358375087624, 1.2049358375087624, 1.2049358375087624, 1.2049358375087624, 1.2049358375087624, 1.2049358375087624, 1.2049358375087624, 1.2049358375087624, 1.2049358375087624, 1.2049358375087624, 1.2049358375087624, 1.2049358375087624, 1.2049358375087624, 1.2049358375087624, 1.2049358375087624, 1.2049358375087624, 1.2049358375087624, 1.2049358375087624, 1.2049358375087624, 1.2049358375087624, 1.2049358375087624, 1.2049358375087624, 1.2049358375087624, 1.2049358375087624, 1.2049358375087624, 1.2049358375087624, 1.2049358375087624, 1.2049358375087624, 1.2049358375087624, 1.2049358375087624, 1.2049358375087624, 1.2049358375087624, 1.2049358375087624, 1.2049358375087624, 1.2049358375087624, 1.2049358375087624, 1.2049358375087624, 1.2049358375087624, 1.2049358375087624, 1.2049358375087624, 1.2049358375087624, 1.2049358375087624, 1.2049358375087624, 1.2049358375087624, 1.2049358375087624, 1.2049358375087624, 1.2049358375087624, 1.2049358375087624, 1.2049358375087624, 1.2049358375087624, 1.2049358375087624, 1.2049358375087624, 1.2049358375087624, 1.2049358375087624, 1.2049358375087624, 1.2049358375087624, 1.2049358375087624, 1.2049358375087624, 1.2049358375087624, 1.2049358375087624, 1.2049358375087624, 1.2049358375087624, 1.2049358375087624, 1.2049358375087624, 1.2049358375087624, 1.2049358375087624, 1.2049358375087624, 1.2049358375087624, 1.2049358375087624, 1.2049358375087624, 1.2049358375087624, 1.2049358375087624, 1.2049358375087624, 1.2049358375087624, 1.2049358375087624, 1.2049358375087624, 1.2049358375087624, 1.2049358375087624, 1.2049358375087624, 1.2049358375087624, 1.2049358375087624, 1.2049358375087624, 1.2049358375087624, 1.2049358375087624, 1.2049358375087624, 1.2049358375087624, 1.2049358375087624, 1.2049358375087624, 1.2049358375087624, 1.2049358375087624, 1.2049358375087624, 1.2049358375087624, 1.2049358375087624, 1.2049358375087624, 1.2049358375087624, 1.2049358375087624, 1.2049358375087624, 1.2049358375087624, 1.2049358375087624, 1.2049358375087624, 1.2049358375087624, 1.2049358375087624, 1.2049358375087624, 1.2049358375087624, 1.2049358375087624, 1.2049358375087624, 1.2049358375087624, 1.2049358375087624, 1.2049358375087624, 1.2049358375087624, 1.2049358375087624, 1.2049358375087624, 1.2049358375087624, 1.2049358375087624, 1.2049358375087624, 1.2049358375087624, 1.2049358375087624, 1.2049358375087624, 1.2049358375087624, 1.2049358375087624, 1.2049358375087624, 1.2049358375087624, 1.2049358375087624, 1.2049358375087624, 1.2049358375087624, 1.2049358375087624, 1.2049358375087624, 1.2049358375087624, 1.2049358375087624, 1.2049358375087624, 1.2049358375087624, 1.2049358375087624, 1.2049358375087624, 1.2049358375087624, 1.2049358375087624, 1.2049358375087624, 1.2049358375087624, 1.2049358375087624, 1.2049358375087624, 1.2049358375087624, 1.2049358375087624, 1.2049358375087624, 1.2049358375087624, 1.2049358375087624, 1.2049358375087624, 1.2049358375087624, 1.2049358375087624, 1.2049358375087624, 1.2049358375087624, 1.2049358375087624, 1.2049358375087624, 1.2049358375087624, 1.2049358375087624, 1.2049358375087624, 1.2049358375087624, 1.2049358375087624, 1.2049358375087624, 1.2049358375087624, 1.2049358375087624, 1.2049358375087624, 1.2049358375087624, 1.2049358375087624, 1.2049358375087624, 1.2049358375087624, 1.2049358375087624, 1.2049358375087624, 1.2049358375087624, 1.2049358375087624, 1.2049358375087624, 1.2049358375087624, 1.2049358375087624, 1.2049358375087624, 1.2049358375087624, 1.2049358375087624, 1.2049358375087624, 1.2049358375087624, 1.2049358375087624, 1.2049358375087624, 1.2049358375087624, 1.2049358375087624, 1.2049358375087624, 1.2049358375087624, 1.2049358375087624, 1.2049358375087624, 1.2049358375087624, 1.2049358375087624, 1.2049358375087624, 1.2049358375087624, 1.2049358375087624, 1.2049358375087624, 1.2049358375087624, 1.2049358375087624, 1.2049358375087624, 1.2049358375087624, 1.2049358375087624, 1.2049358375087624, 1.2049358375087624, 1.2049358375087624, 1.2049358375087624, 1.2049358375087624, 1.2049358375087624, 1.2049358375087624, 1.2049358375087624, 1.2049358375087624, 1.2049358375087624, 1.2049358375087624, 1.2049358375087624, 1.2049358375087624, 1.2049358375087624, 1.2049358375087624, 1.2049358375087624, 1.2049358375087624, 1.2049358375087624, 1.2049358375087624, 1.2049358375087624, 1.2049358375087624, 1.2049358375087624, 1.2049358375087624, 1.2049358375087624, 1.2049358375087624, 1.2049358375087624, 1.2049358375087624, 1.2049358375087624, 1.2049358375087624, 1.2049358375087624, 1.2049358375087624, 1.2049358375087624, 1.2049358375087624, 1.2049358375087624, 1.2049358375087624, 1.2049358375087624, 1.2049358375087624, 1.2049358375087624, 1.2049358375087624, 1.2049358375087624, 1.2049358375087624, 1.2049358375087624, 1.2049358375087624, 1.2049358375087624, 1.2049358375087624, 1.2049358375087624, 1.2049358375087624, 1.2049358375087624, 1.2049358375087624, 1.2049358375087624, 1.2049358375087624, 1.2049358375087624, 1.2049358375087624, 1.2049358375087624, 1.2049358375087624, 1.2049358375087624, 1.2049358375087624, 1.2049358375087624, 1.2049358375087624, 1.2049358375087624, 1.2049358375087624, 1.2049358375087624, 1.2049358375087624, 1.2049358375087624, 1.2049358375087624, 1.2049358375087624, 1.2049358375087624, 1.2049358375087624, 1.2049358375087624, 1.2049358375087624, 1.2049358375087624, 1.2049358375087624, 1.2049358375087624, 1.2049358375087624, 1.2049358375087624, 1.2049358375087624, 1.2049358375087624, 1.2049358375087624, 1.2049358375087624, 1.2049358375087624, 1.2049358375087624, 1.2049358375087624, 1.2049358375087624, 1.2049358375087624, 1.2049358375087624, 1.2049358375087624, 1.2049358375087624, 1.2049358375087624, 1.2049358375087624, 1.2049358375087624, 1.2049358375087624, 1.2049358375087624, 1.2049358375087624, 1.2049358375087624, 1.2049358375087624, 1.2049358375087624, 1.2049358375087624, 1.2049358375087624, 1.2049358375087624, 1.2049358375087624, 1.2049358375087624, 1.2049358375087624, 1.2049358375087624, 1.2049358375087624, 1.2049358375087624, 1.2049358375087624, 1.2049358375087624, 1.2049358375087624, 1.2049358375087624, 1.2049358375087624, 1.2049358375087624, 1.2049358375087624, 1.2049358375087624, 1.2049358375087624, 1.2049358375087624, 1.2049358375087624, 1.2049358375087624, 1.2049358375087624, 1.2049358375087624, 1.2049358375087624, 1.2049358375087624, 1.2049358375087624, 1.2049358375087624, 1.2049358375087624, 1.2049358375087624, 1.2049358375087624, 1.2049358375087624, 1.2049358375087624, 1.2049358375087624, 1.2049358375087624, 1.2049358375087624, 1.2049358375087624, 1.2049358375087624, 1.2049358375087624, 1.2049358375087624, 1.2049358375087624, 1.2049358375087624, 1.2049358375087624, 1.2049358375087624, 1.2049358375087624, 1.2049358375087624, 1.2049358375087624, 1.2049358375087624, 1.2049358375087624, 1.2049358375087624, 1.2049358375087624, 1.2049358375087624, 1.2049358375087624, 1.2049358375087624, 1.2049358375087624, 1.2049358375087624, 1.2049358375087624, 1.2049358375087624, 1.2049358375087624, 1.2049358375087624, 1.2049358375087624, 1.2049358375087624, 1.2049358375087624, 1.2049358375087624, 1.2049358375087624, 1.2049358375087624, 1.2049358375087624, 1.2049358375087624, 1.2049358375087624, 1.2049358375087624, 1.2049358375087624, 1.2049358375087624, 1.2049358375087624, 1.2049358375087624, 1.2049358375087624, 1.2049358375087624, 1.2049358375087624, 1.2049358375087624, 1.2049358375087624, 1.2049358375087624, 1.2049358375087624, 1.2049358375087624, 1.2049358375087624, 1.2049358375087624, 1.2049358375087624, 1.2049358375087624, 1.2049358375087624, 1.2049358375087624, 1.2049358375087624, 1.2049358375087624, 1.2049358375087624, 1.2049358375087624, 1.2049358375087624, 1.2049358375087624, 1.2049358375087624, 1.2049358375087624, 1.2049358375087624, 1.2049358375087624, 1.2049358375087624, 1.2049358375087624, 1.2049358375087624, 1.2049358375087624, 1.2049358375087624, 1.2049358375087624, 1.2049358375087624, 1.2049358375087624, 1.2049358375087624, 1.2049358375087624, 1.2049358375087624, 1.2049358375087624, 1.2049358375087624, 1.2049358375087624, 1.2049358375087624, 1.2049358375087624, 1.2049358375087624, 1.2049358375087624, 1.2049358375087624, 1.2049358375087624, 1.2049358375087624, 1.2049358375087624, 1.2049358375087624, 1.2049358375087624, 1.2049358375087624, 1.2049358375087624, 1.2049358375087624, 1.2049358375087624, 1.2049358375087624, 1.2049358375087624, 1.2049358375087624, 1.2049358375087624, 1.2049358375087624, 1.2049358375087624, 1.2049358375087624, 1.2049358375087624, 1.2049358375087624, 1.2049358375087624, 1.2049358375087624, 1.2049358375087624, 1.2049358375087624, 1.2049358375087624, 1.2049358375087624, 1.2049358375087624, 1.2049358375087624, 1.2049358375087624, 1.2049358375087624, 1.2049358375087624, 1.2049358375087624, 1.2049358375087624, 1.2049358375087624, 1.2049358375087624, 1.2049358375087624, 1.2049358375087624, 1.2049358375087624, 1.2049358375087624, 1.2049358375087624, 1.2049358375087624, 1.2049358375087624, 1.2049358375087624, 1.2049358375087624, 1.2049358375087624, 1.2049358375087624, 1.2049358375087624, 1.2049358375087624, 1.2049358375087624, 1.2049358375087624, 1.2049358375087624, 1.2049358375087624, 1.2049358375087624, 1.2049358375087624, 1.2049358375087624, 1.2049358375087624, 1.2049358375087624, 1.2049358375087624, 1.2049358375087624, 1.2049358375087624, 1.2049358375087624, 1.2049358375087624, 1.2049358375087624, 1.2049358375087624, 1.2049358375087624, 1.2049358375087624, 1.2049358375087624, 1.2049358375087624, 1.2049358375087624, 1.2049358375087624, 1.2049358375087624, 1.2049358375087624, 1.2049358375087624, 1.2049358375087624, 1.2049358375087624, 1.2049358375087624, 1.2049358375087624, 1.2049358375087624, 1.2049358375087624, 1.2049358375087624, 1.2049358375087624, 1.2049358375087624, 1.2049358375087624, 1.2049358375087624, 1.2049358375087624, 1.2049358375087624, 1.2049358375087624, 1.2049358375087624, 1.2049358375087624, 1.2049358375087624, 1.2049358375087624, 1.2049358375087624, 1.2049358375087624, 1.2049358375087624, 1.2049358375087624, 1.2049358375087624, 1.2049358375087624, 1.2049358375087624, 1.2049358375087624, 1.2049358375087624, 1.2049358375087624, 1.2049358375087624, 1.2049358375087624, 1.2049358375087624, 1.2049358375087624, 1.2049358375087624, 1.2049358375087624, 1.2049358375087624, 1.2049358375087624, 1.2049358375087624, 1.2049358375087624, 1.2049358375087624, 1.2049358375087624, 1.2049358375087624, 1.2049358375087624, 1.2049358375087624, 1.2049358375087624, 1.2049358375087624, 1.2049358375087624, 1.2049358375087624, 1.2049358375087624, 1.2049358375087624, 1.2049358375087624, 1.2049358375087624, 1.2049358375087624, 1.2049358375087624, 1.2049358375087624, 1.2049358375087624, 1.2049358375087624, 1.2049358375087624, 1.2049358375087624, 1.2049358375087624, 1.2049358375087624, 1.2049358375087624, 1.2049358375087624, 1.2049358375087624, 1.2049358375087624, 1.2049358375087624, 1.2049358375087624, 1.2049358375087624, 1.2049358375087624, 1.2049358375087624, 1.2049358375087624, 1.2049358375087624, 1.2049358375087624, 1.2049358375087624, 1.2049358375087624, 1.2049358375087624, 1.2049358375087624, 1.2049358375087624, 1.2049358375087624, 1.2049358375087624, 1.2049358375087624, 1.2049358375087624, 1.2049358375087624, 1.2049358375087624, 1.2049358375087624, 1.2049358375087624, 1.2049358375087624, 1.2049358375087624, 1.2049358375087624, 1.2049358375087624, 1.2049358375087624, 1.2049358375087624, 1.2049358375087624, 1.2049358375087624, 1.2049358375087624, 1.2049358375087624, 1.2049358375087624, 1.2049358375087624, 1.2049358375087624, 1.2049358375087624, 1.2049358375087624, 1.2049358375087624, 1.2049358375087624, 1.2049358375087624, 1.2049358375087624, 1.2049358375087624, 1.2049358375087624, 1.2049358375087624, 1.2049358375087624, 1.2049358375087624, 1.2049358375087624, 1.2049358375087624, 1.2049358375087624, 1.2049358375087624, 1.2049358375087624, 1.2049358375087624, 1.2049358375087624, 1.2049358375087624, 1.2049358375087624, 1.2049358375087624, 1.2049358375087624, 1.2049358375087624, 1.2049358375087624, 1.2049358375087624, 1.2049358375087624, 1.2049358375087624, 1.2049358375087624, 1.2049358375087624, 1.2049358375087624, 1.2049358375087624, 1.2049358375087624, 1.2049358375087624, 1.2049358375087624, 1.2049358375087624, 1.2049358375087624, 1.2049358375087624, 1.2049358375087624, 1.2049358375087624, 1.2049358375087624, 1.2049358375087624, 1.2049358375087624, 1.2049358375087624, 1.2049358375087624, 1.2049358375087624, 1.2049358375087624, 1.2049358375087624, 1.2049358375087624, 1.2049358375087624, 1.2049358375087624, 1.2049358375087624, 1.2049358375087624, 1.2049358375087624, 1.2049358375087624, 1.2049358375087624, 1.2049358375087624, 1.2049358375087624, 1.2049358375087624, 1.2049358375087624, 1.2049358375087624, 1.2049358375087624, 1.2049358375087624, 1.2049358375087624, 1.2049358375087624, 1.2049358375087624, 1.2049358375087624, 1.2049358375087624, 1.2049358375087624, 1.2049358375087624, 1.2049358375087624, 1.2049358375087624, 1.2049358375087624, 1.2049358375087624, 1.2049358375087624, 1.2049358375087624, 1.2049358375087624, 1.2049358375087624, 1.2049358375087624, 1.2049358375087624, 1.2049358375087624, 1.2049358375087624, 1.2049358375087624, 1.2049358375087624, 1.2049358375087624, 1.2049358375087624, 1.2049358375087624, 1.2049358375087624, 1.2049358375087624, 1.2049358375087624, 1.2049358375087624, 1.2049358375087624, 1.2049358375087624, 1.2049358375087624, 1.2049358375087624, 1.2049358375087624, 1.2049358375087624, 1.2049358375087624, 1.2049358375087624, 1.2049358375087624, 1.2049358375087624, 1.2049358375087624, 1.2049358375087624, 1.2049358375087624, 1.2049358375087624, 1.2049358375087624, 1.2049358375087624, 1.2049358375087624, 1.2049358375087624, 1.2049358375087624, 1.2049358375087624, 1.2049358375087624, 1.2049358375087624, 1.2049358375087624, 1.2049358375087624, 1.2049358375087624, 1.2049358375087624, 1.2049358375087624, 1.2049358375087624, 1.2049358375087624, 1.2049358375087624, 1.2049358375087624, 1.2049358375087624, 1.2049358375087624, 1.2049358375087624, 1.2049358375087624, 1.2049358375087624, 1.2049358375087624, 1.2049358375087624, 1.2049358375087624, 1.2049358375087624, 1.2049358375087624, 1.2049358375087624, 1.2049358375087624, 1.2049358375087624, 1.2049358375087624, 1.2049358375087624, 1.2049358375087624, 1.2049358375087624, 1.2049358375087624, 1.2049358375087624, 1.2049358375087624, 1.2049358375087624, 1.2049358375087624, 1.2049358375087624, 1.2049358375087624, 1.2049358375087624, 1.2049358375087624, 1.2049358375087624, 1.2049358375087624, 1.2049358375087624, 1.2049358375087624, 1.2049358375087624, 1.2049358375087624, 1.2049358375087624, 1.2049358375087624, 1.2049358375087624, 1.2049358375087624, 1.2049358375087624, 1.2049358375087624, 1.2049358375087624, 1.2049358375087624, 1.2049358375087624, 1.2049358375087624, 1.2049358375087624, 1.2049358375087624, 1.2049358375087624, 1.2049358375087624, 1.2049358375087624, 1.2049358375087624, 1.2049358375087624, 1.2049358375087624, 1.2049358375087624, 1.2049358375087624, 1.2049358375087624, 1.2049358375087624, 1.2049358375087624, 1.2049358375087624, 1.2049358375087624, 1.2049358375087624, 1.2049358375087624, 1.2049358375087624, 1.2049358375087624, 1.2049358375087624, 1.2049358375087624, 1.2049358375087624, 1.2049358375087624, 1.2049358375087624, 1.2049358375087624, 1.2049358375087624, 1.2049358375087624, 1.2049358375087624, 1.2049358375087624, 1.2049358375087624, 1.2049358375087624, 1.2049358375087624, 1.2049358375087624, 1.2049358375087624, 1.2049358375087624, 1.2049358375087624, 1.2049358375087624, 1.2049358375087624, 1.2049358375087624, 1.2049358375087624, 1.2049358375087624, 1.2049358375087624, 1.2049358375087624, 1.2049358375087624, 1.2049358375087624, 1.2049358375087624, 1.2049358375087624, 1.2049358375087624, 1.2049358375087624, 1.2049358375087624, 1.2049358375087624, 1.2049358375087624, 1.2049358375087624, 1.2049358375087624, 1.2049358375087624, 1.2049358375087624, 1.2049358375087624, 1.2049358375087624, 1.2049358375087624, 1.2049358375087624, 1.2049358375087624, 1.2049358375087624, 1.2049358375087624, 1.2049358375087624, 1.2049358375087624, 1.2049358375087624, 1.2049358375087624, 1.2049358375087624, 1.2049358375087624, 1.2049358375087624, 1.2049358375087624, 1.2049358375087624, 1.2049358375087624, 1.2049358375087624, 1.2049358375087624, 1.2049358375087624, 1.2049358375087624, 1.2049358375087624, 1.2049358375087624, 1.2049358375087624, 1.2049358375087624, 1.2049358375087624, 1.2049358375087624, 1.2049358375087624, 1.2049358375087624, 1.2049358375087624, 1.2049358375087624, 1.2049358375087624, 1.2049358375087624, 1.2049358375087624, 1.2049358375087624, 1.2049358375087624, 1.2049358375087624, 1.2049358375087624, 1.2049358375087624, 1.2049358375087624, 1.2049358375087624, 1.2049358375087624, 1.2049358375087624, 1.2049358375087624, 1.2049358375087624, 1.2049358375087624, 1.2049358375087624, 1.2049358375087624, 1.2049358375087624, 1.2049358375087624, 1.2049358375087624, 1.2049358375087624, 1.2049358375087624, 1.2049358375087624, 1.2049358375087624, 1.2049358375087624, 1.2049358375087624, 1.2049358375087624, 1.2049358375087624, 1.2049358375087624, 1.2049358375087624, 1.2049358375087624, 1.2049358375087624, 1.2049358375087624, 1.2049358375087624, 1.2049358375087624, 1.2049358375087624, 1.2049358375087624, 1.2049358375087624, 1.2049358375087624, 1.2049358375087624, 1.2049358375087624, 1.2049358375087624, 1.2049358375087624, 1.2049358375087624, 1.2049358375087624, 1.2049358375087624, 1.2049358375087624, 1.2049358375087624, 1.2049358375087624, 1.2049358375087624, 1.2049358375087624, 1.2049358375087624, 1.2049358375087624, 1.2049358375087624, 1.2049358375087624, 1.2049358375087624, 1.2049358375087624, 1.2049358375087624, 1.2320638553126526, 1.2320638553126526, 1.2320638553126526, 1.2320638553126526, 1.2320638553126526, 1.2320638553126526, 1.2320638553126526, 1.2320638553126526, 1.2320638553126526, 1.2320638553126526, 1.2320638553126526, 1.2320638553126526, 1.2320638553126526, 1.2320638553126526, 1.2320638553126526, 1.2320638553126526, 1.2320638553126526, 1.2320638553126526, 1.2320638553126526, 1.2320638553126526, 1.2320638553126526, 1.2320638553126526, 1.2320638553126526, 1.2320638553126526, 1.2320638553126526, 1.2320638553126526, 1.2320638553126526, 1.2320638553126526, 1.2320638553126526, 1.2320638553126526, 1.2320638553126526, 1.2320638553126526, 1.2320638553126526, 1.2320638553126526, 1.2320638553126526, 1.2320638553126526, 1.2320638553126526, 1.2320638553126526, 1.2320638553126526, 1.2320638553126526, 1.2320638553126526, 1.2320638553126526, 1.2320638553126526, 1.2320638553126526, 1.2320638553126526, 1.2320638553126526, 1.2320638553126526, 1.2320638553126526, 1.2320638553126526, 1.2320638553126526, 1.2320638553126526, 1.2320638553126526, 1.2320638553126526, 1.2320638553126526, 1.2320638553126526, 1.2320638553126526, 1.2320638553126526, 1.2320638553126526, 1.2320638553126526, 1.2320638553126526, 1.2320638553126526, 1.2320638553126526, 1.2320638553126526, 1.2320638553126526, 1.2320638553126526, 1.2320638553126526, 1.2320638553126526, 1.2320638553126526, 1.2320638553126526, 1.2320638553126526, 1.2320638553126526, 1.2320638553126526, 1.2320638553126526, 1.2320638553126526, 1.2320638553126526, 1.2320638553126526, 1.2320638553126526, 1.2320638553126526, 1.2320638553126526, 1.2320638553126526, 1.2320638553126526, 1.2320638553126526, 1.2320638553126526, 1.2320638553126526, 1.2320638553126526, 1.2320638553126526, 1.2320638553126526, 1.2320638553126526, 1.2320638553126526, 1.2320638553126526, 1.2320638553126526, 1.2320638553126526, 1.2320638553126526, 1.2320638553126526, 1.2320638553126526, 1.2320638553126526, 1.2320638553126526, 1.2320638553126526, 1.2320638553126526, 1.2320638553126526, 1.2320638553126526, 1.2320638553126526, 1.2320638553126526, 1.2320638553126526, 1.2320638553126526, 1.2320638553126526, 1.2320638553126526, 1.2320638553126526, 1.2320638553126526, 1.2320638553126526, 1.2320638553126526, 1.2320638553126526, 1.2320638553126526, 1.2320638553126526, 1.2320638553126526, 1.2320638553126526, 1.2320638553126526, 1.2320638553126526, 1.2320638553126526, 1.2320638553126526, 1.2320638553126526, 1.2320638553126526, 1.2320638553126526, 1.2320638553126526, 1.2320638553126526, 1.2320638553126526, 1.2320638553126526, 1.2320638553126526, 1.2320638553126526, 1.2320638553126526, 1.2320638553126526, 1.2320638553126526, 1.2320638553126526, 1.2320638553126526, 1.2320638553126526, 1.2320638553126526, 1.2320638553126526, 1.2320638553126526, 1.2320638553126526, 1.2320638553126526, 1.2320638553126526, 1.2320638553126526, 1.2320638553126526, 1.2320638553126526, 1.2320638553126526, 1.2320638553126526, 1.2320638553126526, 1.2320638553126526, 1.2320638553126526, 1.2320638553126526, 1.2320638553126526, 1.2320638553126526, 1.2320638553126526, 1.2320638553126526, 1.2320638553126526, 1.2320638553126526, 1.2320638553126526, 1.2320638553126526, 1.2320638553126526, 1.2320638553126526, 1.2320638553126526, 1.2320638553126526, 1.2320638553126526, 1.2320638553126526, 1.2320638553126526, 1.2320638553126526, 1.2320638553126526, 1.2320638553126526, 1.2320638553126526, 1.2772055648119944, 1.2772055648119944, 1.2772055648119944, 1.2772055648119944, 1.2772055648119944, 1.2772055648119944, 1.2772055648119944, 1.2772055648119944, 1.2772055648119944, 1.2772055648119944, 1.2772055648119944, 1.2772055648119944, 1.2772055648119944, 1.2772055648119944, 1.2772055648119944, 1.2772055648119944, 1.2772055648119944, 1.2772055648119944, 1.2772055648119944, 1.2772055648119944, 1.2772055648119944, 1.2772055648119944, 1.2772055648119944, 1.2772055648119944, 1.2772055648119944, 1.2772055648119944, 1.2772055648119944, 1.2772055648119944, 1.2772055648119944, 1.2772055648119944, 1.2772055648119944, 1.2772055648119944, 1.2772055648119944, 1.2772055648119944, 1.2772055648119944, 1.2772055648119944, 1.2772055648119944, 1.2772055648119944, 1.2772055648119944, 1.2772055648119944, 1.2772055648119944, 1.2772055648119944, 1.2772055648119944, 1.2772055648119944, 1.2772055648119944, 1.2772055648119944, 1.2772055648119944, 1.2772055648119944, 1.2772055648119944, 1.2772055648119944, 1.2772055648119944, 1.2772055648119944, 1.2772055648119944, 1.2772055648119944, 1.2772055648119944, 1.2772055648119944, 1.2772055648119944, 1.2772055648119944, 1.2772055648119944, 1.2772055648119944, 1.2772055648119944, 1.2772055648119944, 1.2772055648119944, 1.2772055648119944, 1.2772055648119944, 1.2772055648119944, 1.2772055648119944, 1.2772055648119944, 1.2772055648119944, 1.2772055648119944, 1.2772055648119944, 1.2772055648119944, 1.2772055648119944, 1.2772055648119944, 1.2772055648119944, 1.2772055648119944, 1.2772055648119944, 1.2772055648119944, 1.2772055648119944, 1.2772055648119944, 1.2772055648119944, 1.2772055648119944, 1.2772055648119944, 1.2772055648119944, 1.2772055648119944, 1.2772055648119944, 1.2772055648119944, 1.2772055648119944, 1.2772055648119944, 1.2772055648119944, 1.2772055648119944, 1.2772055648119944, 1.2772055648119944, 1.2772055648119944, 1.2772055648119944, 1.2772055648119944, 1.2772055648119944, 1.2772055648119944, 1.2772055648119944, 1.2772055648119944, 1.2772055648119944, 1.2772055648119944, 1.2772055648119944, 1.2772055648119944, 1.2772055648119944, 1.2772055648119944, 1.2772055648119944, 1.2772055648119944, 1.2772055648119944, 1.2772055648119944, 1.2772055648119944, 1.2772055648119944, 1.2772055648119944, 1.2772055648119944, 1.2772055648119944, 1.2772055648119944, 1.2772055648119944, 1.2772055648119944, 1.2772055648119944, 1.2772055648119944, 1.2772055648119944, 1.2772055648119944, 1.2772055648119944, 1.2772055648119944, 1.2772055648119944, 1.2772055648119944, 1.2772055648119944, 1.2772055648119944, 1.2772055648119944, 1.2772055648119944, 1.2772055648119944, 1.2772055648119944, 1.2772055648119944, 1.2772055648119944, 1.2772055648119944, 1.2772055648119944, 1.2772055648119944, 1.2772055648119944, 1.2772055648119944, 1.2772055648119944, 1.2772055648119944, 1.2772055648119944, 1.2772055648119944, 1.2772055648119944, 1.2772055648119944, 1.2772055648119944, 1.2772055648119944, 1.2772055648119944, 1.2772055648119944, 1.2772055648119944, 1.2772055648119944, 1.2772055648119944, 1.2772055648119944, 1.2772055648119944, 1.2772055648119944, 1.2772055648119944, 1.2772055648119944, 1.2772055648119944, 1.2772055648119944, 1.2772055648119944, 1.2772055648119944, 1.2772055648119944, 1.2772055648119944, 1.2772055648119944, 1.2772055648119944, 1.2772055648119944, 1.2772055648119944, 1.2772055648119944, 1.2772055648119944, 1.2772055648119944, 1.2772055648119944, 1.2772055648119944, 1.2772055648119944, 1.2772055648119944, 1.2772055648119944, 1.2772055648119944, 1.2772055648119944, 1.2772055648119944, 1.2772055648119944, 1.2772055648119944, 1.2772055648119944, 1.2772055648119944, 1.2772055648119944, 1.2772055648119944, 1.2772055648119944, 1.2772055648119944, 1.2772055648119944, 1.2772055648119944, 1.2772055648119944, 1.2772055648119944, 1.2772055648119944, 1.2772055648119944, 1.2772055648119944, 1.2772055648119944, 1.2772055648119944, 1.2772055648119944, 1.2772055648119944, 1.2772055648119944, 1.2772055648119944, 1.2772055648119944, 1.2772055648119944, 1.2772055648119944, 1.2772055648119944, 1.2772055648119944, 1.2772055648119944, 1.2772055648119944, 1.2772055648119944, 1.2772055648119944, 1.2772055648119944, 1.2772055648119944, 1.2772055648119944, 1.2772055648119944, 1.2772055648119944, 1.2772055648119944, 1.2772055648119944, 1.2772055648119944, 1.2772055648119944, 1.2772055648119944, 1.2772055648119944, 1.2772055648119944, 1.2772055648119944, 1.2772055648119944, 1.2772055648119944, 1.2772055648119944, 1.2772055648119944, 1.2772055648119944, 1.2772055648119944, 1.2772055648119944, 1.2772055648119944, 1.2772055648119944, 1.2772055648119944, 1.2772055648119944, 1.2772055648119944, 1.2772055648119944, 1.2772055648119944, 1.2772055648119944, 1.2772055648119944, 1.2772055648119944, 1.2772055648119944, 1.2772055648119944, 1.2772055648119944, 1.2772055648119944, 1.2772055648119944, 1.2772055648119944, 1.2772055648119944, 1.2772055648119944, 1.2772055648119944, 1.2772055648119944, 1.2772055648119944, 1.2772055648119944, 1.2772055648119944, 1.2772055648119944, 1.2772055648119944, 1.2772055648119944, 1.2772055648119944, 1.2772055648119944, 1.2772055648119944, 1.2772055648119944, 1.2772055648119944, 1.2772055648119944, 1.2772055648119944, 1.2772055648119944, 1.2772055648119944, 1.2772055648119944, 1.2772055648119944, 1.2772055648119944, 1.2772055648119944, 1.2772055648119944, 1.2772055648119944, 1.2772055648119944, 1.2772055648119944, 1.2772055648119944, 1.2772055648119944, 1.2772055648119944, 1.2772055648119944, 1.2772055648119944, 1.2772055648119944, 1.2772055648119944, 1.2772055648119944, 1.2772055648119944, 1.2772055648119944, 1.2772055648119944, 1.2772055648119944, 1.2772055648119944, 1.2772055648119944, 1.2772055648119944, 1.2772055648119944, 1.2772055648119944, 1.2772055648119944, 1.2772055648119944, 1.2772055648119944, 1.2772055648119944, 1.2772055648119944, 1.2772055648119944, 1.2772055648119944, 1.2772055648119944, 1.2772055648119944, 1.2772055648119944, 1.2772055648119944, 1.2772055648119944, 1.2772055648119944, 1.2772055648119944, 1.2772055648119944, 1.2772055648119944, 1.2772055648119944, 1.2772055648119944, 1.2772055648119944, 1.2772055648119944, 1.2772055648119944, 1.2772055648119944, 1.2772055648119944, 1.2772055648119944, 1.2772055648119944, 1.2772055648119944, 1.2772055648119944, 1.2772055648119944, 1.2772055648119944, 1.2772055648119944, 1.2772055648119944, 1.2772055648119944, 1.2772055648119944, 1.2772055648119944, 1.2772055648119944, 1.2772055648119944, 1.2772055648119944, 1.2772055648119944, 1.2772055648119944, 1.2772055648119944, 1.2772055648119944, 1.2772055648119944, 1.2772055648119944, 1.2772055648119944, 1.2772055648119944, 1.2772055648119944, 1.2772055648119944, 1.2772055648119944, 1.2772055648119944, 1.2772055648119944, 1.2772055648119944, 1.2772055648119944, 1.2772055648119944, 1.2772055648119944, 1.2772055648119944, 1.2772055648119944, 1.2772055648119944, 1.2772055648119944, 1.2772055648119944, 1.2772055648119944, 1.2772055648119944, 1.2772055648119944, 1.2772055648119944, 1.4039892803487175, 1.4039892803487175, 1.4039892803487175, 1.4039892803487175, 1.4039892803487175, 1.4039892803487175, 1.4039892803487175, 1.4039892803487175, 1.4039892803487175, 1.4039892803487175, 1.4039892803487175, 1.4039892803487175, 1.4039892803487175, 1.4039892803487175, 1.4039892803487175, 1.4039892803487175, 1.4039892803487175, 1.4039892803487175, 1.4039892803487175, 1.4039892803487175, 1.4039892803487175, 1.4039892803487175, 1.4039892803487175, 1.4039892803487175, 1.4039892803487175, 1.4039892803487175, 1.4039892803487175, 1.4039892803487175, 1.4039892803487175, 1.4039892803487175, 1.4039892803487175, 1.4039892803487175, 1.4039892803487175, 1.4039892803487175, 1.4039892803487175, 1.4039892803487175, 1.4039892803487175, 1.4039892803487175, 1.4039892803487175, 1.4039892803487175, 1.4039892803487175, 1.4039892803487175, 1.4039892803487175, 1.4039892803487175, 1.4039892803487175, 1.4039892803487175, 1.4039892803487175, 1.4039892803487175, 1.4039892803487175, 1.4039892803487175, 1.4039892803487175, 1.4039892803487175, 1.4039892803487175, 1.4039892803487175, 1.4039892803487175, 1.4039892803487175, 1.4039892803487175, 1.4039892803487175, 1.4039892803487175, 1.4039892803487175, 1.4039892803487175, 1.4039892803487175, 1.4039892803487175, 1.4039892803487175, 1.4039892803487175, 1.4039892803487175, 1.4039892803487175, 1.4039892803487175, 1.4039892803487175, 1.4039892803487175, 1.4039892803487175, 1.4039892803487175, 1.4039892803487175, 1.4039892803487175, 1.4039892803487175, 1.4039892803487175, 1.4039892803487175, 1.4039892803487175, 1.4039892803487175, 1.4039892803487175, 1.4039892803487175, 1.4039892803487175, 1.4039892803487175, 1.4039892803487175, 1.4039892803487175, 1.4039892803487175, 1.4039892803487175, 1.4039892803487175, 1.4039892803487175, 1.4039892803487175, 1.4039892803487175, 1.4039892803487175, 1.4039892803487175, 1.4039892803487175, 1.4039892803487175, 1.4039892803487175, 1.4039892803487175, 1.4039892803487175, 1.4039892803487175, 1.4039892803487175, 1.4039892803487175, 1.4039892803487175, 1.4039892803487175, 1.4039892803487175, 1.4039892803487175, 1.4039892803487175, 1.4039892803487175, 1.4039892803487175, 1.4039892803487175, 1.4039892803487175, 1.4039892803487175, 1.4039892803487175, 1.4039892803487175, 1.4039892803487175, 1.4039892803487175, 1.4039892803487175, 1.4039892803487175, 1.4039892803487175, 1.4039892803487175, 1.4039892803487175, 1.4039892803487175, 1.4039892803487175, 1.4039892803487175, 1.4039892803487175, 1.4039892803487175, 1.4039892803487175, 1.4039892803487175, 1.4039892803487175, 1.4039892803487175, 1.4039892803487175, 1.4039892803487175, 1.4039892803487175, 1.4039892803487175, 1.4039892803487175, 1.4039892803487175, 1.4039892803487175, 1.4039892803487175, 1.4039892803487175, 1.4039892803487175, 1.4039892803487175, 1.4039892803487175, 1.4039892803487175, 1.4039892803487175, 1.4039892803487175, 1.4039892803487175, 1.4039892803487175, 1.4039892803487175, 1.4039892803487175, 1.4039892803487175, 1.4039892803487175, 1.4039892803487175, 1.4039892803487175, 1.4039892803487175, 1.4039892803487175, 1.4039892803487175, 1.4039892803487175, 1.4039892803487175, 1.4039892803487175, 1.4039892803487175, 1.4039892803487175, 1.4039892803487175, 1.4039892803487175, 1.4039892803487175, 1.4039892803487175, 1.4039892803487175, 1.4039892803487175, 1.4039892803487175, 1.4039892803487175, 1.4039892803487175, 1.4039892803487175, 1.4039892803487175, 1.4039892803487175, 1.4039892803487175, 1.4039892803487175, 1.4039892803487175, 1.4039892803487175, 1.4039892803487175, 1.4039892803487175, 1.4039892803487175, 1.4039892803487175, 1.4039892803487175, 1.4039892803487175, 1.4039892803487175, 1.4039892803487175, 1.4039892803487175, 1.4039892803487175, 1.4039892803487175, 1.4039892803487175, 1.4039892803487175, 1.4039892803487175, 1.4039892803487175, 1.4039892803487175, 1.4039892803487175, 1.4039892803487175, 1.4039892803487175, 1.4039892803487175, 1.4039892803487175, 1.4039892803487175, 1.4039892803487175, 1.4039892803487175, 1.4039892803487175, 1.4039892803487175, 1.4039892803487175, 1.4039892803487175, 1.4039892803487175, 1.4039892803487175, 1.4039892803487175, 1.4039892803487175, 1.4039892803487175, 1.4039892803487175, 1.4039892803487175, 1.4039892803487175, 1.4039892803487175, 1.4039892803487175, 1.4039892803487175, 1.4039892803487175, 1.4039892803487175, 1.4039892803487175, 1.4039892803487175, 1.4039892803487175, 1.4039892803487175, 1.4039892803487175, 1.4039892803487175, 1.4039892803487175, 1.4039892803487175, 1.4039892803487175, 1.4039892803487175, 1.4039892803487175, 1.4039892803487175, 1.4039892803487175, 1.4039892803487175, 1.4039892803487175, 1.4039892803487175, 1.4039892803487175, 1.4039892803487175, 1.4039892803487175, 1.4039892803487175, 1.4039892803487175, 1.4039892803487175, 1.4039892803487175, 1.4039892803487175, 1.4039892803487175, 1.4039892803487175, 1.4039892803487175, 1.4039892803487175, 1.4039892803487175, 1.4039892803487175, 1.4039892803487175, 1.4039892803487175, 1.4039892803487175, 1.4039892803487175, 1.4039892803487175, 1.4039892803487175, 1.4039892803487175, 1.4039892803487175, 1.4039892803487175, 1.4039892803487175, 1.4039892803487175, 1.4039892803487175, 1.4039892803487175, 1.4039892803487175, 1.4039892803487175, 1.4039892803487175, 1.4039892803487175, 1.4039892803487175, 1.4039892803487175, 1.4039892803487175, 1.4039892803487175, 1.4039892803487175, 1.4039892803487175, 1.4039892803487175, 1.4039892803487175, 1.4039892803487175, 1.4039892803487175, 1.4039892803487175, 1.4039892803487175, 1.4039892803487175, 1.4039892803487175, 1.4039892803487175, 1.4039892803487175, 1.4039892803487175, 1.4039892803487175, 1.4039892803487175, 1.4039892803487175, 1.4039892803487175, 1.4039892803487175, 1.4039892803487175, 1.4039892803487175, 1.4039892803487175, 1.4039892803487175, 1.4039892803487175, 1.4039892803487175, 1.4039892803487175, 1.4039892803487175, 1.4039892803487175, 1.4039892803487175, 1.4039892803487175, 1.4039892803487175, 1.4039892803487175, 1.4039892803487175, 1.4039892803487175, 1.4039892803487175, 1.4039892803487175, 1.4039892803487175, 1.4039892803487175, 1.4039892803487175, 1.4039892803487175, 1.4039892803487175, 1.4039892803487175, 1.4039892803487175, 1.4039892803487175, 1.4039892803487175, 1.4039892803487175, 1.4039892803487175, 1.4039892803487175, 1.4039892803487175, 1.4039892803487175, 1.4039892803487175, 1.4039892803487175, 1.4039892803487175, 1.4039892803487175, 1.4039892803487175, 1.4039892803487175, 1.4039892803487175, 1.4039892803487175, 1.4039892803487175, 1.4039892803487175, 1.4039892803487175, 1.4039892803487175, 1.4039892803487175, 1.4039892803487175, 1.4039892803487175, 1.4039892803487175, 1.4039892803487175, 1.4039892803487175, 1.4039892803487175, 1.4039892803487175, 1.4039892803487175, 1.4039892803487175, 1.4039892803487175, 1.4039892803487175, 1.4039892803487175, 1.4039892803487175, 1.4039892803487175, 1.4039892803487175, 1.4039892803487175, 1.4039892803487175, 1.4039892803487175, 1.4039892803487175, 1.4039892803487175, 1.4039892803487175, 1.4039892803487175, 1.4039892803487175, 1.4039892803487175, 1.4039892803487175, 1.4039892803487175, 1.4039892803487175, 1.4039892803487175, 1.4039892803487175, 1.4039892803487175, 1.4039892803487175, 1.4039892803487175, 1.4039892803487175, 1.4039892803487175, 1.4039892803487175, 1.4039892803487175, 1.4039892803487175, 1.4039892803487175, 1.4039892803487175, 1.4039892803487175, 1.4039892803487175, 1.4039892803487175, 1.4039892803487175, 1.4039892803487175, 1.4039892803487175, 1.4039892803487175, 1.4039892803487175, 1.4039892803487175, 1.4039892803487175, 1.4311172981526077, 1.4311172981526077, 1.4311172981526077, 1.4311172981526077, 1.4311172981526077, 1.4311172981526077, 1.4311172981526077, 1.4311172981526077, 1.4311172981526077, 1.4311172981526077, 1.4311172981526077, 1.4311172981526077, 1.4311172981526077, 1.4311172981526077, 1.4311172981526077, 1.4311172981526077, 1.4311172981526077, 1.4311172981526077, 1.4311172981526077, 1.4311172981526077, 1.4311172981526077, 1.4311172981526077, 1.4311172981526077, 1.4311172981526077, 1.4311172981526077, 1.4311172981526077, 1.4311172981526077, 1.4311172981526077, 1.4311172981526077, 1.4311172981526077, 1.4311172981526077, 1.4311172981526077, 1.4311172981526077, 1.4311172981526077, 1.4311172981526077, 1.4311172981526077, 1.4311172981526077, 1.4311172981526077, 1.4311172981526077, 1.4311172981526077, 1.4311172981526077, 1.4311172981526077, 1.4311172981526077, 1.4311172981526077, 1.4311172981526077, 1.4311172981526077, 1.4311172981526077, 1.4311172981526077, 1.4311172981526077, 1.4311172981526077, 1.4311172981526077, 1.4311172981526077, 1.4311172981526077, 1.4311172981526077, 1.4311172981526077, 1.4311172981526077, 1.4311172981526077, 1.4311172981526077, 1.4311172981526077, 1.4311172981526077, 1.4311172981526077, 1.4311172981526077, 1.4311172981526077, 1.4311172981526077, 1.4311172981526077, 1.4311172981526077, 1.4311172981526077, 1.4311172981526077, 1.4311172981526077, 1.4311172981526077, 1.4311172981526077, 1.4311172981526077, 1.4311172981526077, 1.4311172981526077, 1.4311172981526077, 1.4311172981526077, 1.4311172981526077, 1.4311172981526077, 1.4311172981526077, 1.4311172981526077, 1.4311172981526077, 1.4311172981526077, 1.4311172981526077, 1.4311172981526077, 1.4311172981526077, 1.4311172981526077, 1.4311172981526077, 1.4311172981526077, 1.4311172981526077, 1.4311172981526077, 1.4311172981526077, 1.4311172981526077, 1.4311172981526077, 1.4311172981526077, 1.4311172981526077, 1.4311172981526077, 1.4311172981526077, 1.4311172981526077, 1.4311172981526077, 1.4311172981526077, 1.4311172981526077, 1.4311172981526077, 1.4311172981526077, 1.4311172981526077, 1.4311172981526077, 1.4311172981526077, 1.4311172981526077, 1.4311172981526077, 1.4311172981526077, 1.4311172981526077, 1.4311172981526077, 1.4311172981526077, 1.4311172981526077, 1.4311172981526077, 1.4311172981526077, 1.4311172981526077, 1.4311172981526077, 1.4311172981526077, 1.4311172981526077, 1.4311172981526077, 1.4311172981526077, 1.4311172981526077, 1.4311172981526077, 1.4311172981526077, 1.4311172981526077, 1.4311172981526077, 1.4311172981526077, 1.4311172981526077, 1.4311172981526077, 1.4311172981526077, 1.4311172981526077, 1.4311172981526077, 1.4311172981526077, 1.4311172981526077, 1.4311172981526077, 1.4311172981526077, 1.4311172981526077, 1.4311172981526077, 1.4311172981526077, 1.4311172981526077, 1.4311172981526077, 1.4311172981526077, 1.4311172981526077, 1.4311172981526077, 1.4311172981526077, 1.4311172981526077, 1.4311172981526077, 1.4311172981526077, 1.4311172981526077, 1.4311172981526077, 1.4311172981526077, 1.4311172981526077, 1.4311172981526077, 1.4311172981526077, 1.4311172981526077, 1.4311172981526077, 1.4311172981526077, 1.4311172981526077, 1.4311172981526077, 1.4311172981526077, 1.4311172981526077, 1.4311172981526077, 1.4311172981526077, 1.4311172981526077, 1.4311172981526077, 1.4311172981526077, 1.4311172981526077, 1.4311172981526077, 1.4311172981526077, 1.4311172981526077, 1.4311172981526077, 1.4311172981526077, 1.4311172981526077, 1.4311172981526077, 1.4311172981526077, 1.4311172981526077, 1.4311172981526077, 1.4311172981526077, 1.4311172981526077, 1.4311172981526077, 1.4311172981526077, 1.4311172981526077, 1.4311172981526077, 1.4311172981526077, 1.4311172981526077, 1.4311172981526077, 1.4311172981526077, 1.4311172981526077, 1.4311172981526077, 1.4311172981526077, 1.4311172981526077, 1.4311172981526077, 1.4311172981526077, 1.4311172981526077, 1.4311172981526077, 1.4311172981526077, 1.4311172981526077, 1.4311172981526077, 1.4311172981526077, 1.4311172981526077, 1.4311172981526077, 1.4311172981526077, 1.4311172981526077, 1.4311172981526077, 1.4311172981526077, 1.4311172981526077, 1.4311172981526077, 1.4311172981526077, 1.4311172981526077, 1.4311172981526077, 1.4311172981526077, 1.4311172981526077, 1.4311172981526077, 1.4311172981526077, 1.4311172981526077, 1.4311172981526077, 1.4311172981526077, 1.4311172981526077, 1.4311172981526077, 1.4311172981526077, 1.4311172981526077, 1.4311172981526077, 1.4311172981526077, 1.4311172981526077, 1.4311172981526077, 1.4311172981526077, 1.4311172981526077, 1.4311172981526077, 1.4311172981526077, 1.4311172981526077, 1.4311172981526077, 1.4311172981526077, 1.4311172981526077, 1.4311172981526077, 1.4311172981526077, 1.4311172981526077, 1.4311172981526077, 1.4311172981526077, 1.4311172981526077, 1.4311172981526077, 1.4311172981526077, 1.4311172981526077, 1.4311172981526077, 1.4311172981526077, 1.4311172981526077, 1.4311172981526077, 1.4311172981526077, 1.4311172981526077, 1.4311172981526077, 1.4311172981526077, 1.4311172981526077, 1.4311172981526077, 1.4311172981526077, 1.4311172981526077, 1.4311172981526077, 1.4311172981526077, 1.4311172981526077, 1.4311172981526077, 1.4311172981526077, 1.4311172981526077, 1.4311172981526077, 1.4311172981526077, 1.4311172981526077, 1.4311172981526077, 1.4311172981526077, 1.4311172981526077, 1.4311172981526077, 1.4311172981526077, 1.4311172981526077, 1.4311172981526077, 1.4311172981526077, 1.4311172981526077, 1.4311172981526077, 1.4311172981526077, 1.4311172981526077, 1.4311172981526077, 1.4311172981526077, 1.4311172981526077, 1.4311172981526077, 1.4311172981526077, 1.4311172981526077, 1.4311172981526077, 1.4311172981526077, 1.4311172981526077, 1.4311172981526077, 1.4311172981526077, 1.4311172981526077, 1.4311172981526077, 1.4311172981526077, 1.4311172981526077, 1.4311172981526077, 1.4311172981526077, 1.4311172981526077, 1.4311172981526077, 1.4311172981526077, 1.4311172981526077, 1.4311172981526077, 1.4311172981526077, 1.4311172981526077, 1.4311172981526077, 1.4311172981526077, 1.4311172981526077, 1.4311172981526077, 1.4311172981526077, 1.4311172981526077, 1.4311172981526077, 1.4311172981526077, 1.4311172981526077, 1.4311172981526077, 1.4311172981526077, 1.4311172981526077, 1.4311172981526077, 1.4311172981526077, 1.4311172981526077, 1.4311172981526077, 1.4311172981526077, 1.4311172981526077, 1.4311172981526077, 1.4311172981526077, 1.4311172981526077, 1.4311172981526077, 1.4311172981526077, 1.4311172981526077, 1.4311172981526077, 1.4311172981526077, 1.4311172981526077, 1.4311172981526077, 1.4311172981526077, 1.4311172981526077, 1.4311172981526077, 1.4311172981526077, 1.4311172981526077, 1.4311172981526077, 1.4311172981526077, 1.4311172981526077, 1.4311172981526077, 1.4311172981526077, 1.4311172981526077, 1.4311172981526077, 1.4311172981526077, 1.4311172981526077, 1.4311172981526077, 1.4311172981526077, 1.4311172981526077, 1.4311172981526077, 1.4311172981526077, 1.4311172981526077, 1.4311172981526077, 1.4311172981526077, 1.4311172981526077, 1.4311172981526077, 1.4311172981526077, 1.4311172981526077, 1.4311172981526077, 1.4311172981526077, 1.4311172981526077, 1.4311172981526077, 1.4311172981526077, 1.4311172981526077, 1.4311172981526077, 1.4311172981526077, 1.4311172981526077, 1.4311172981526077, 1.4311172981526077, 1.4311172981526077, 1.4311172981526077, 1.4311172981526077, 1.4311172981526077, 1.4311172981526077, 1.4311172981526077, 1.4311172981526077, 1.4311172981526077, 1.4311172981526077, 1.4311172981526077, 1.4311172981526077, 1.4311172981526077, 1.4311172981526077, 1.4311172981526077, 1.4311172981526077, 1.4311172981526077, 1.4311172981526077, 1.4311172981526077, 1.4311172981526077, 1.4311172981526077, 1.4311172981526077, 1.4311172981526077, 1.4311172981526077, 1.4311172981526077, 1.4311172981526077, 1.4311172981526077, 1.4311172981526077, 1.4311172981526077, 1.4311172981526077, 1.4311172981526077, 1.4311172981526077, 1.4311172981526077, 1.4311172981526077, 1.4311172981526077, 1.4311172981526077, 1.4311172981526077, 1.4311172981526077, 1.4311172981526077, 1.4311172981526077, 1.4311172981526077, 1.4311172981526077, 1.4311172981526077, 1.4311172981526077, 1.4311172981526077, 1.4311172981526077, 1.4311172981526077, 1.4311172981526077, 1.4311172981526077, 1.4311172981526077, 1.4311172981526077, 1.4311172981526077, 1.4311172981526077, 1.4311172981526077, 1.4311172981526077, 1.4311172981526077, 1.4311172981526077, 1.4311172981526077, 1.4311172981526077, 1.4311172981526077, 1.4311172981526077, 1.4311172981526077, 1.4311172981526077, 1.4311172981526077, 1.4311172981526077, 1.4311172981526077, 1.4311172981526077, 1.4311172981526077, 1.4311172981526077, 1.4311172981526077, 1.4311172981526077, 1.4311172981526077, 1.4311172981526077, 1.4311172981526077, 1.4311172981526077, 1.4311172981526077, 1.4311172981526077, 1.4311172981526077, 1.4311172981526077, 1.4311172981526077, 1.4311172981526077, 1.4311172981526077, 1.4311172981526077, 1.4311172981526077, 1.4311172981526077, 1.4311172981526077, 1.4311172981526077, 1.4311172981526077, 1.4311172981526077, 1.4311172981526077, 1.4311172981526077, 1.4311172981526077, 1.4311172981526077, 1.4311172981526077, 1.4311172981526077, 1.4311172981526077, 1.4311172981526077, 1.4311172981526077, 1.4311172981526077, 1.4311172981526077, 1.4311172981526077, 1.4311172981526077, 1.4311172981526077, 1.4311172981526077, 1.4311172981526077, 1.4311172981526077, 1.4311172981526077, 1.4311172981526077, 1.4311172981526077, 1.4311172981526077, 1.4311172981526077, 1.4311172981526077, 1.4311172981526077, 1.4311172981526077, 1.4311172981526077, 1.4311172981526077, 1.4311172981526077, 1.4311172981526077, 1.4311172981526077, 1.4311172981526077, 1.4311172981526077, 1.4311172981526077, 1.4311172981526077, 1.4311172981526077, 1.4311172981526077, 1.4311172981526077, 1.4311172981526077, 1.4311172981526077, 1.4311172981526077, 1.4311172981526077, 1.4311172981526077, 1.4311172981526077, 1.4311172981526077, 1.4311172981526077, 1.4311172981526077, 1.4311172981526077, 1.4311172981526077, 1.4311172981526077, 1.4311172981526077, 1.4311172981526077, 1.4311172981526077, 1.4311172981526077, 1.4311172981526077, 1.4311172981526077, 1.4311172981526077, 1.4311172981526077, 1.4311172981526077, 1.4311172981526077, 1.4311172981526077, 1.4311172981526077, 1.4311172981526077, 1.4311172981526077, 1.4311172981526077, 1.4311172981526077, 1.4311172981526077, 1.4311172981526077, 1.4311172981526077, 1.4311172981526077, 1.4311172981526077, 1.4311172981526077, 1.4311172981526077, 1.4311172981526077, 1.4311172981526077, 1.4311172981526077, 1.4311172981526077, 1.4311172981526077, 1.4311172981526077, 1.4311172981526077, 1.4311172981526077, 1.4311172981526077, 1.4311172981526077, 1.4311172981526077, 1.4311172981526077, 1.4311172981526077, 1.4311172981526077, 1.4311172981526077, 1.4311172981526077, 1.4311172981526077, 1.4311172981526077, 1.4311172981526077, 1.4311172981526077, 1.4311172981526077, 1.4311172981526077, 1.4311172981526077, 1.4311172981526077, 1.4311172981526077, 1.4311172981526077, 1.4311172981526077, 1.4311172981526077, 1.4311172981526077, 1.4311172981526077, 1.4311172981526077, 1.4311172981526077, 1.4311172981526077, 1.4311172981526077, 1.4311172981526077, 1.4311172981526077, 1.4311172981526077, 1.4311172981526077, 1.4311172981526077, 1.4311172981526077, 1.4311172981526077, 1.4311172981526077, 1.4311172981526077, 1.4311172981526077, 1.4311172981526077, 1.4311172981526077, 1.4311172981526077, 1.4311172981526077, 1.4311172981526077, 1.4311172981526077, 1.4311172981526077, 1.4311172981526077, 1.4311172981526077, 1.4311172981526077, 1.4311172981526077, 1.4311172981526077, 1.4311172981526077, 1.4311172981526077, 1.4311172981526077, 1.4311172981526077, 1.4311172981526077, 1.4311172981526077, 1.4311172981526077, 1.4311172981526077, 1.4311172981526077, 1.4311172981526077, 1.4311172981526077, 1.4311172981526077, 1.4311172981526077, 1.4311172981526077, 1.4311172981526077, 1.4311172981526077, 1.4311172981526077, 1.4311172981526077, 1.4311172981526077, 1.4311172981526077, 1.4311172981526077, 1.4311172981526077, 1.4311172981526077, 1.4311172981526077, 1.4311172981526077, 1.4311172981526077, 1.4311172981526077, 1.4311172981526077, 1.4311172981526077, 1.4311172981526077, 1.4311172981526077, 1.4311172981526077, 1.4311172981526077, 1.4311172981526077, 1.4311172981526077, 1.4311172981526077, 1.4311172981526077, 1.4311172981526077, 1.4311172981526077, 1.4311172981526077, 1.4311172981526077, 1.4311172981526077, 1.4311172981526077, 1.4311172981526077, 1.4311172981526077, 1.4311172981526077, 1.4311172981526077, 1.4311172981526077, 1.4311172981526077, 1.4311172981526077, 1.4311172981526077, 1.4311172981526077, 1.4311172981526077, 1.4311172981526077, 1.4311172981526077, 1.4311172981526077, 1.4311172981526077, 1.4311172981526077, 1.4311172981526077, 1.4311172981526077, 1.4311172981526077, 1.4311172981526077, 1.4311172981526077, 1.4311172981526077, 1.4311172981526077, 1.4311172981526077, 1.4311172981526077, 1.4311172981526077, 1.4311172981526077, 1.4311172981526077, 1.4311172981526077, 1.4311172981526077, 1.4311172981526077, 1.4311172981526077, 1.4311172981526077, 1.4311172981526077, 1.4311172981526077, 1.4311172981526077, 1.4311172981526077, 1.4311172981526077, 1.4311172981526077, 1.4311172981526077, 1.4311172981526077, 1.4311172981526077, 1.4311172981526077, 1.4311172981526077, 1.4311172981526077, 1.4311172981526077, 1.4311172981526077, 1.4311172981526077, 1.4311172981526077, 1.4311172981526077, 1.4311172981526077, 1.4311172981526077, 1.4311172981526077, 1.4311172981526077, 1.4311172981526077, 1.4311172981526077, 1.4311172981526077, 1.4311172981526077, 1.4311172981526077, 1.4311172981526077, 1.4311172981526077, 1.4311172981526077, 1.4311172981526077, 1.4311172981526077, 1.4311172981526077, 1.4311172981526077, 1.4311172981526077, 1.4311172981526077, 1.4311172981526077, 1.4311172981526077, 1.4311172981526077, 1.4311172981526077, 1.4311172981526077, 1.4311172981526077, 1.4311172981526077, 1.4311172981526077, 1.4311172981526077, 1.4311172981526077, 1.4311172981526077, 1.4311172981526077, 1.4311172981526077, 1.4311172981526077, 1.4311172981526077, 1.4311172981526077, 1.4311172981526077, 1.4311172981526077, 1.4311172981526077, 1.4311172981526077, 1.4311172981526077, 1.4311172981526077, 1.4311172981526077, 1.4311172981526077, 1.4311172981526077, 1.4311172981526077, 1.4311172981526077, 1.4311172981526077, 1.4311172981526077, 1.4311172981526077, 1.4311172981526077, 1.4311172981526077, 1.4311172981526077, 1.4311172981526077, 1.4311172981526077, 1.4311172981526077, 1.4311172981526077, 1.4311172981526077, 1.4311172981526077, 1.4311172981526077, 1.4311172981526077, 1.4311172981526077, 1.4311172981526077, 1.4311172981526077, 1.4311172981526077, 1.4311172981526077, 1.4311172981526077, 1.4311172981526077, 1.4311172981526077, 1.4311172981526077, 1.4311172981526077, 1.4311172981526077, 1.4311172981526077, 1.4311172981526077, 1.4311172981526077, 1.4311172981526077, 1.4311172981526077, 1.4311172981526077, 1.4311172981526077, 1.4311172981526077, 1.4311172981526077, 1.4311172981526077, 1.4311172981526077, 1.4311172981526077, 1.4311172981526077, 1.4311172981526077, 1.4311172981526077, 1.4311172981526077, 1.4311172981526077, 1.4311172981526077, 1.4311172981526077, 1.4311172981526077, 1.4311172981526077, 1.4311172981526077, 1.4311172981526077, 1.4311172981526077, 1.4311172981526077, 1.4311172981526077, 1.4311172981526077, 1.4311172981526077, 1.4311172981526077, 1.4311172981526077, 1.4311172981526077, 1.4311172981526077, 1.4311172981526077, 1.4311172981526077, 1.4311172981526077, 1.4311172981526077, 1.4311172981526077, 1.4311172981526077, 1.4311172981526077, 1.4311172981526077, 1.4311172981526077, 1.4311172981526077, 1.4311172981526077, 1.4311172981526077, 1.4311172981526077, 1.4311172981526077, 1.4311172981526077, 1.4311172981526077, 1.4311172981526077, 1.4311172981526077, 1.4311172981526077, 1.4311172981526077, 1.4311172981526077, 1.4311172981526077, 1.4311172981526077, 1.4311172981526077, 1.4311172981526077, 1.4311172981526077, 1.4311172981526077, 1.4311172981526077, 1.4311172981526077, 1.4311172981526077, 1.4311172981526077, 1.4311172981526077, 1.4311172981526077, 1.4311172981526077, 1.4311172981526077, 1.4311172981526077, 1.4311172981526077, 1.4311172981526077, 1.4311172981526077, 1.4311172981526077, 1.4311172981526077, 1.4311172981526077, 1.4311172981526077, 1.4311172981526077, 1.4311172981526077, 1.4311172981526077, 1.4311172981526077, 1.4311172981526077, 1.4311172981526077, 1.4311172981526077, 1.4311172981526077, 1.4311172981526077, 1.4311172981526077, 1.4311172981526077, 1.4311172981526077, 1.4311172981526077, 1.4311172981526077, 1.4311172981526077, 1.4311172981526077, 1.4311172981526077, 1.4311172981526077, 1.4311172981526077, 1.4311172981526077, 1.4311172981526077, 1.4311172981526077, 1.4311172981526077, 1.4311172981526077, 1.4311172981526077, 1.4311172981526077, 1.4311172981526077, 1.4311172981526077, 1.4311172981526077, 1.4311172981526077, 1.4311172981526077, 1.4311172981526077, 1.4311172981526077, 1.4311172981526077, 1.4311172981526077, 1.4311172981526077, 1.4311172981526077, 1.4311172981526077, 1.4311172981526077, 1.4311172981526077, 1.4311172981526077, 1.4311172981526077, 1.4311172981526077, 1.4311172981526077, 1.4311172981526077, 1.4311172981526077, 1.4311172981526077, 1.4311172981526077, 1.4311172981526077, 1.4311172981526077, 1.4311172981526077, 1.4311172981526077, 1.4311172981526077, 1.4311172981526077, 1.4311172981526077, 1.4311172981526077, 1.4311172981526077, 1.4311172981526077, 1.4311172981526077, 1.4311172981526077, 1.4311172981526077, 1.4311172981526077, 1.4311172981526077, 1.4311172981526077, 1.4311172981526077, 1.4311172981526077, 1.4311172981526077, 1.4311172981526077, 1.4311172981526077, 1.4311172981526077, 1.4311172981526077, 1.4311172981526077, 1.4311172981526077, 1.4311172981526077, 1.4311172981526077, 1.4311172981526077, 1.4311172981526077, 1.4311172981526077, 1.4311172981526077, 1.4311172981526077, 1.4311172981526077, 1.4311172981526077, 1.4311172981526077, 1.4311172981526077, 1.4311172981526077, 1.4311172981526077, 1.4311172981526077, 1.4311172981526077, 1.4311172981526077, 1.4311172981526077, 1.4311172981526077, 1.4311172981526077, 1.4311172981526077, 1.4311172981526077, 1.4311172981526077, 1.4311172981526077, 1.4311172981526077, 1.4311172981526077, 1.4311172981526077, 1.4311172981526077, 1.4311172981526077, 1.4311172981526077, 1.4311172981526077, 1.4311172981526077, 1.4311172981526077, 1.4311172981526077, 1.4311172981526077, 1.4311172981526077, 1.4311172981526077, 1.4311172981526077, 1.4311172981526077, 1.4311172981526077, 1.4311172981526077, 1.4311172981526077, 1.4311172981526077, 1.4311172981526077, 1.4311172981526077, 1.4311172981526077, 1.4311172981526077, 1.4311172981526077, 1.4311172981526077, 1.4311172981526077, 1.4311172981526077, 1.4311172981526077, 1.4311172981526077, 1.4311172981526077, 1.4311172981526077, 1.4311172981526077, 1.4311172981526077, 1.4311172981526077, 1.4311172981526077, 1.4311172981526077, 1.4311172981526077, 1.4311172981526077, 1.4311172981526077, 1.4311172981526077, 1.4311172981526077, 1.4311172981526077, 1.4311172981526077, 1.4311172981526077, 1.4311172981526077, 1.4311172981526077, 1.4311172981526077, 1.4311172981526077, 1.4311172981526077, 1.4311172981526077, 1.4311172981526077, 1.4311172981526077, 1.4311172981526077, 1.4311172981526077, 1.4311172981526077, 1.4311172981526077, 1.4311172981526077, 1.4311172981526077, 1.4311172981526077, 1.4311172981526077, 1.4311172981526077, 1.4311172981526077, 1.4311172981526077, 1.4311172981526077, 1.4311172981526077, 1.4311172981526077, 1.4311172981526077, 1.4311172981526077, 1.4311172981526077, 1.4311172981526077, 1.4311172981526077, 1.4311172981526077, 1.4311172981526077, 1.4311172981526077, 1.4311172981526077, 1.4311172981526077, 1.4311172981526077, 1.4311172981526077, 1.4311172981526077, 1.4311172981526077, 1.4311172981526077, 1.4311172981526077, 1.4311172981526077, 1.4311172981526077, 1.4311172981526077, 1.4311172981526077, 1.4311172981526077, 1.4311172981526077, 1.4311172981526077, 1.4311172981526077, 1.4311172981526077, 1.4311172981526077, 1.4311172981526077, 1.4311172981526077, 1.4311172981526077, 1.4311172981526077, 1.4311172981526077, 1.4311172981526077, 1.4311172981526077, 1.4311172981526077, 1.4311172981526077, 1.4311172981526077, 1.4311172981526077, 1.4311172981526077, 1.4311172981526077, 1.4311172981526077, 1.4311172981526077, 1.4311172981526077, 1.4311172981526077, 1.4311172981526077, 1.4311172981526077, 1.4311172981526077, 1.4311172981526077, 1.4311172981526077, 1.4311172981526077, 1.4311172981526077, 1.4311172981526077, 1.4311172981526077, 1.4311172981526077, 1.4311172981526077, 1.4311172981526077, 1.4311172981526077, 1.4311172981526077, 1.4311172981526077, 1.4311172981526077, 1.4311172981526077, 1.4311172981526077, 1.4311172981526077, 1.4311172981526077, 1.4311172981526077, 1.4311172981526077, 1.4311172981526077, 1.4311172981526077, 1.4311172981526077, 1.4311172981526077, 1.4311172981526077, 1.4311172981526077, 1.4311172981526077, 1.4311172981526077, 1.4311172981526077, 1.4311172981526077, 1.4311172981526077, 1.4311172981526077, 1.4311172981526077, 1.4311172981526077, 1.4311172981526077, 1.4311172981526077, 1.4311172981526077, 1.4311172981526077, 1.4311172981526077, 1.4311172981526077, 1.4311172981526077, 1.4311172981526077, 1.4311172981526077, 1.4311172981526077, 1.4311172981526077, 1.4311172981526077, 1.4311172981526077, 1.4311172981526077, 1.4311172981526077, 1.4311172981526077, 1.4311172981526077, 1.4311172981526077, 1.4311172981526077, 1.4311172981526077, 1.4311172981526077, 1.4311172981526077, 1.4311172981526077, 1.4311172981526077, 1.4311172981526077, 1.4311172981526077, 1.4311172981526077, 1.4311172981526077, 1.4311172981526077, 1.4311172981526077, 1.4311172981526077, 1.4311172981526077, 1.4311172981526077, 1.4311172981526077, 1.4311172981526077, 1.4311172981526077, 1.4311172981526077, 1.4311172981526077, 1.4311172981526077, 1.4311172981526077, 1.4311172981526077, 1.4311172981526077, 1.4311172981526077, 1.4311172981526077, 1.4311172981526077, 1.4311172981526077, 1.4311172981526077, 1.4311172981526077, 1.4311172981526077, 1.4311172981526077, 1.4311172981526077, 1.4311172981526077, 1.4311172981526077, 1.4311172981526077, 1.4311172981526077, 1.4311172981526077, 1.4311172981526077, 1.4311172981526077, 1.4311172981526077, 1.4311172981526077, 1.4311172981526077, 1.4311172981526077, 1.4311172981526077, 1.4311172981526077, 1.4311172981526077, 1.4311172981526077, 1.4311172981526077, 1.4311172981526077, 1.4311172981526077, 1.4311172981526077, 1.4311172981526077, 1.4311172981526077, 1.4311172981526077, 1.4311172981526077, 1.4311172981526077, 1.4311172981526077, 1.4311172981526077, 1.4311172981526077, 1.4311172981526077, 1.4311172981526077, 1.4311172981526077, 1.4311172981526077, 1.4311172981526077, 1.4311172981526077, 1.4311172981526077, 1.4311172981526077, 1.4311172981526077, 1.4311172981526077, 1.4311172981526077, 1.4311172981526077, 1.4311172981526077, 1.4311172981526077, 1.4311172981526077, 1.4311172981526077, 1.4311172981526077, 1.4311172981526077, 1.4311172981526077, 1.4311172981526077, 1.4311172981526077, 1.4311172981526077, 1.4311172981526077, 1.4311172981526077, 1.4311172981526077, 1.4311172981526077, 1.4311172981526077, 1.4311172981526077, 1.4311172981526077, 1.4311172981526077, 1.4311172981526077, 1.4311172981526077, 1.4311172981526077, 1.4311172981526077, 1.4311172981526077, 1.4311172981526077, 1.4311172981526077, 1.4311172981526077, 1.4311172981526077, 1.4311172981526077, 1.4311172981526077, 1.4311172981526077, 1.4311172981526077, 1.4311172981526077, 1.4311172981526077, 1.4311172981526077, 1.4311172981526077, 1.4311172981526077, 1.4311172981526077, 1.4311172981526077, 1.4311172981526077, 1.4311172981526077, 1.4311172981526077, 1.4311172981526077, 1.4311172981526077, 1.4311172981526077, 1.4311172981526077, 1.4311172981526077, 1.4311172981526077, 1.4311172981526077, 1.4311172981526077, 1.4311172981526077, 1.4311172981526077, 1.4311172981526077, 1.4311172981526077, 1.4311172981526077, 1.4311172981526077, 1.4311172981526077, 1.4311172981526077, 1.4311172981526077, 1.4311172981526077, 1.4311172981526077, 1.4311172981526077, 1.4311172981526077, 1.4311172981526077, 1.4311172981526077, 1.4311172981526077, 1.4311172981526077, 1.4311172981526077, 1.4311172981526077, 1.4311172981526077, 1.4311172981526077, 1.4311172981526077, 1.4311172981526077, 1.4311172981526077, 1.4311172981526077, 1.4311172981526077, 1.4311172981526077, 1.4311172981526077, 1.4311172981526077, 1.4311172981526077, 1.4311172981526077, 1.4311172981526077, 1.4311172981526077, 1.4311172981526077, 1.4311172981526077, 1.4311172981526077, 1.4311172981526077, 1.4311172981526077, 1.4311172981526077, 1.4311172981526077, 1.4311172981526077, 1.4311172981526077, 1.4311172981526077, 1.4311172981526077, 1.4311172981526077, 1.4311172981526077, 1.4311172981526077, 1.4311172981526077, 1.4311172981526077, 1.4311172981526077, 1.4311172981526077, 1.4311172981526077, 1.4311172981526077, 1.4311172981526077, 1.4311172981526077, 1.4311172981526077, 1.4311172981526077, 1.4311172981526077, 1.4311172981526077, 1.4311172981526077, 1.4311172981526077, 1.4311172981526077, 1.4311172981526077, 1.4311172981526077, 1.4311172981526077, 1.4311172981526077, 1.4311172981526077, 1.4311172981526077, 1.4311172981526077, 1.4311172981526077, 1.4311172981526077, 1.4311172981526077, 1.4311172981526077, 1.4311172981526077, 1.4311172981526077, 1.4311172981526077, 1.4311172981526077, 1.4311172981526077, 1.4311172981526077, 1.4311172981526077, 1.4311172981526077, 1.4311172981526077, 1.4311172981526077, 1.4311172981526077, 1.4311172981526077, 1.4311172981526077, 1.4311172981526077, 1.4311172981526077, 1.4311172981526077, 1.4311172981526077, 1.4311172981526077, 1.4311172981526077, 1.4311172981526077, 1.4311172981526077, 1.4311172981526077, 1.4311172981526077, 1.4311172981526077, 1.4311172981526077, 1.4311172981526077, 1.4311172981526077, 1.4311172981526077, 1.4311172981526077, 1.4311172981526077, 1.4311172981526077, 1.4311172981526077, 1.4311172981526077, 1.4311172981526077, 1.4311172981526077, 1.4311172981526077, 1.4311172981526077, 1.4311172981526077, 1.4311172981526077, 1.4311172981526077, 1.4311172981526077, 1.4311172981526077, 1.4311172981526077, 1.4311172981526077, 1.4311172981526077, 1.4311172981526077, 1.4311172981526077, 1.4311172981526077, 1.4311172981526077, 1.4311172981526077, 1.4311172981526077, 1.4311172981526077, 1.4311172981526077, 1.4311172981526077, 1.4311172981526077, 1.4311172981526077, 1.4311172981526077, 1.4311172981526077, 1.4311172981526077, 1.4311172981526077, 1.4311172981526077, 1.4311172981526077, 1.4311172981526077, 1.4311172981526077, 1.4311172981526077, 1.4311172981526077, 1.4311172981526077, 1.4311172981526077, 1.4311172981526077, 1.4311172981526077, 1.4311172981526077, 1.4311172981526077, 1.4311172981526077, 1.4311172981526077, 1.4311172981526077, 1.4311172981526077, 1.4311172981526077, 1.4311172981526077, 1.4311172981526077, 1.4311172981526077, 1.4311172981526077, 1.4311172981526077, 1.4311172981526077, 1.4311172981526077, 1.4311172981526077, 1.4311172981526077, 1.4311172981526077, 1.4311172981526077, 1.4311172981526077, 1.4311172981526077, 1.4311172981526077, 1.4311172981526077, 1.4311172981526077, 1.4311172981526077, 1.4311172981526077, 1.4311172981526077, 1.4311172981526077, 1.4311172981526077, 1.4311172981526077, 1.4311172981526077, 1.4311172981526077, 1.4311172981526077, 1.4311172981526077, 1.4311172981526077, 1.4311172981526077, 1.4311172981526077, 1.4311172981526077, 1.4311172981526077, 1.4311172981526077, 1.4311172981526077, 1.4311172981526077, 1.4311172981526077, 1.4311172981526077, 1.4311172981526077, 1.4311172981526077, 1.4311172981526077, 1.4311172981526077, 1.4311172981526077, 1.4311172981526077, 1.4311172981526077, 1.4311172981526077, 1.4311172981526077, 1.4311172981526077, 1.4311172981526077, 1.4311172981526077, 1.4311172981526077, 1.4311172981526077, 1.4311172981526077, 1.4311172981526077, 1.4311172981526077, 1.4311172981526077, 1.4311172981526077, 1.4311172981526077, 1.4311172981526077, 1.4311172981526077, 1.4311172981526077, 1.4311172981526077, 1.4311172981526077, 1.4311172981526077, 1.4311172981526077, 1.4311172981526077, 1.4311172981526077, 1.4311172981526077, 1.4311172981526077, 1.4311172981526077, 1.4311172981526077, 1.4311172981526077, 1.4311172981526077, 1.4311172981526077, 1.4311172981526077, 1.4311172981526077, 1.4311172981526077, 1.4311172981526077, 1.4311172981526077, 1.4311172981526077, 1.4311172981526077, 1.4311172981526077, 1.4311172981526077, 1.4311172981526077, 1.4311172981526077, 1.4311172981526077, 1.4311172981526077, 1.4311172981526077, 1.4311172981526077, 1.4311172981526077, 1.4311172981526077, 1.4311172981526077, 1.4311172981526077, 1.4311172981526077, 1.4311172981526077, 1.4311172981526077, 1.4311172981526077, 1.4311172981526077, 1.4311172981526077, 1.4311172981526077, 1.4311172981526077, 1.4311172981526077, 1.4311172981526077, 1.4311172981526077, 1.4311172981526077, 1.4311172981526077, 1.4311172981526077, 1.4311172981526077, 1.4311172981526077, 1.4311172981526077, 1.4311172981526077, 1.4311172981526077, 1.4311172981526077, 1.4311172981526077, 1.4311172981526077, 1.4311172981526077, 1.4311172981526077, 1.4311172981526077, 1.4311172981526077, 1.4311172981526077, 1.4311172981526077, 1.4311172981526077, 1.4311172981526077, 1.4311172981526077, 1.4311172981526077, 1.4311172981526077, 1.4311172981526077, 1.4311172981526077, 1.4311172981526077, 1.4311172981526077, 1.4311172981526077, 1.4311172981526077, 1.4311172981526077, 1.4311172981526077, 1.4311172981526077, 1.4311172981526077, 1.4311172981526077, 1.4311172981526077, 1.4311172981526077, 1.4311172981526077, 1.4311172981526077, 1.4311172981526077, 1.4311172981526077, 1.4311172981526077, 1.4311172981526077, 1.4311172981526077, 1.4311172981526077, 1.4311172981526077, 1.4311172981526077, 1.4311172981526077, 1.4311172981526077, 1.4311172981526077, 1.4311172981526077, 1.4311172981526077, 1.4311172981526077, 1.4311172981526077, 1.4311172981526077, 1.4311172981526077, 1.4311172981526077, 1.4311172981526077, 1.4311172981526077, 1.4311172981526077, 1.4311172981526077, 1.4311172981526077, 1.4311172981526077, 1.4311172981526077, 1.4311172981526077, 1.4311172981526077, 1.4311172981526077, 1.4311172981526077, 1.4311172981526077, 1.4311172981526077, 1.4311172981526077, 1.4311172981526077, 1.4311172981526077, 1.4311172981526077, 1.4311172981526077, 1.4311172981526077, 1.4311172981526077, 1.4311172981526077, 1.4311172981526077, 1.4311172981526077, 1.4311172981526077, 1.4311172981526077, 1.4633613763664235, 1.4633613763664235, 1.4633613763664235, 1.4633613763664235, 1.4633613763664235, 1.4633613763664235, 1.4633613763664235, 1.4633613763664235, 1.4633613763664235, 1.4633613763664235, 1.4633613763664235, 1.4633613763664235, 1.4633613763664235, 1.4633613763664235, 1.4633613763664235, 1.4633613763664235, 1.4633613763664235, 1.4633613763664235, 1.4633613763664235, 1.4633613763664235, 1.4633613763664235, 1.4633613763664235, 1.4633613763664235, 1.4633613763664235, 1.4633613763664235, 1.4633613763664235, 1.4633613763664235, 1.4633613763664235, 1.4633613763664235, 1.4633613763664235, 1.4633613763664235, 1.4633613763664235, 1.4633613763664235, 1.4633613763664235, 1.4633613763664235, 1.4633613763664235, 1.4633613763664235, 1.4633613763664235, 1.4633613763664235, 1.4633613763664235, 1.4633613763664235, 1.4633613763664235, 1.4633613763664235, 1.4633613763664235, 1.4633613763664235, 1.4633613763664235, 1.4633613763664235, 1.4633613763664235, 1.4633613763664235, 1.4633613763664235, 1.4633613763664235, 1.4633613763664235, 1.4633613763664235, 1.4633613763664235, 1.4633613763664235, 1.4633613763664235, 1.4633613763664235, 1.4633613763664235, 1.4633613763664235, 1.4633613763664235, 1.4633613763664235, 1.4633613763664235, 1.4633613763664235, 1.4633613763664235, 1.4633613763664235, 1.4633613763664235, 1.4633613763664235, 1.4633613763664235, 1.4633613763664235, 1.4633613763664235, 1.4633613763664235, 1.4633613763664235, 1.4633613763664235, 1.4633613763664235, 1.4633613763664235, 1.4633613763664235, 1.4633613763664235, 1.4633613763664235, 1.4633613763664235, 1.4633613763664235, 1.4633613763664235, 1.4633613763664235, 1.4633613763664235, 1.4633613763664235, 1.4633613763664235, 1.4633613763664235, 1.4633613763664235, 1.4633613763664235, 1.4633613763664235, 1.4633613763664235, 1.4633613763664235, 1.4633613763664235, 1.4633613763664235, 1.4633613763664235, 1.4633613763664235, 1.4633613763664235, 1.4633613763664235, 1.4633613763664235, 1.4633613763664235, 1.4633613763664235, 1.4633613763664235, 1.4633613763664235, 1.4633613763664235, 1.4633613763664235, 1.4633613763664235, 1.4633613763664235, 1.4633613763664235, 1.4633613763664235, 1.4633613763664235, 1.4633613763664235, 1.4633613763664235, 1.4633613763664235, 1.4633613763664235, 1.4633613763664235, 1.4633613763664235, 1.4633613763664235, 1.4633613763664235, 1.4633613763664235, 1.4633613763664235, 1.4633613763664235, 1.4633613763664235, 1.4633613763664235, 1.4633613763664235, 1.4633613763664235, 1.4633613763664235, 1.4633613763664235, 1.4633613763664235, 1.4633613763664235, 1.4633613763664235, 1.4633613763664235, 1.4633613763664235, 1.4633613763664235, 1.4633613763664235, 1.4633613763664235, 1.4633613763664235, 1.4633613763664235, 1.4633613763664235, 1.4633613763664235, 1.4633613763664235, 1.4633613763664235, 1.4633613763664235, 1.4633613763664235, 1.4633613763664235, 1.4633613763664235, 1.4633613763664235, 1.4633613763664235, 1.4633613763664235, 1.4633613763664235, 1.4633613763664235, 1.4633613763664235, 1.4633613763664235, 1.4633613763664235, 1.4633613763664235, 1.4633613763664235, 1.4633613763664235, 1.4633613763664235, 1.4633613763664235, 1.4633613763664235, 1.4633613763664235, 1.4633613763664235, 1.4633613763664235, 1.4633613763664235, 1.4633613763664235, 1.4633613763664235, 1.4633613763664235, 1.4633613763664235, 1.4633613763664235, 1.6310305830782648, 1.6310305830782648, 1.6310305830782648, 1.6310305830782648, 1.4633613763664235, 1.4633613763664235, 1.4633613763664235, 1.4633613763664235, 1.6310305830782648, 1.6310305830782648, 1.6310305830782648, 1.6310305830782648, 1.6310305830782648, 1.6310305830782648, 1.6310305830782648, 1.6310305830782648, 1.6310305830782648, 1.6310305830782648, 1.6310305830782648, 1.6310305830782648, 1.6310305830782648, 1.6310305830782648, 1.6310305830782648, 1.6310305830782648, 1.6310305830782648, 1.6310305830782648, 1.6310305830782648, 1.6310305830782648, 1.6310305830782648, 1.6310305830782648, 1.6310305830782648, 1.6310305830782648, 1.6310305830782648, 1.6310305830782648, 1.6310305830782648, 1.6310305830782648, 1.6310305830782648, 1.6310305830782648, 1.6310305830782648, 1.6310305830782648, 1.6310305830782648, 1.6310305830782648, 1.6310305830782648, 1.6310305830782648, 1.6310305830782648, 1.6310305830782648, 1.6310305830782648, 1.6310305830782648, 1.6310305830782648, 1.6310305830782648, 1.6310305830782648, 1.6310305830782648, 1.6310305830782648, 1.6310305830782648, 1.6310305830782648, 1.6310305830782648, 1.6310305830782648, 1.6310305830782648, 1.6310305830782648, 1.6310305830782648, 1.6310305830782648, 1.6310305830782648, 1.6310305830782648, 1.6310305830782648, 1.6310305830782648, 1.6310305830782648, 1.6310305830782648, 1.6310305830782648, 1.6310305830782648, 1.6310305830782648, 1.6310305830782648, 1.6310305830782648, 1.6310305830782648, 1.6310305830782648, 1.6310305830782648, 1.6310305830782648, 1.6310305830782648, 1.6310305830782648, 1.6310305830782648, 1.6310305830782648, 1.6310305830782648, 1.6310305830782648, 1.6310305830782648, 1.6310305830782648, 1.6310305830782648, 1.6310305830782648, 1.6310305830782648, 1.6310305830782648, 1.6310305830782648, 1.6310305830782648, 1.6310305830782648, 1.6310305830782648, 1.6310305830782648, 1.6310305830782648, 1.6310305830782648, 1.6310305830782648, 1.6310305830782648, 1.6310305830782648, 1.6310305830782648, 1.6310305830782648, 1.6310305830782648, 1.6310305830782648, 1.6310305830782648, 1.6310305830782648, 1.6310305830782648, 1.6310305830782648, 1.6310305830782648, 1.6310305830782648, 1.6310305830782648, 1.6310305830782648, 1.6310305830782648, 1.6310305830782648, 1.6310305830782648, 1.6310305830782648, 1.6310305830782648, 1.6310305830782648, 1.6310305830782648, 1.6310305830782648, 1.6310305830782648, 1.6310305830782648, 1.6310305830782648, 1.6310305830782648, 1.6310305830782648, 1.6310305830782648, 1.6310305830782648, 1.6310305830782648, 1.6310305830782648, 1.6310305830782648, 1.6310305830782648, 1.6310305830782648, 1.6310305830782648, 1.6310305830782648, 1.6310305830782648, 1.6310305830782648, 1.6310305830782648, 1.6310305830782648, 1.6310305830782648, 1.6310305830782648, 1.6310305830782648, 1.6310305830782648, 1.6310305830782648, 1.6310305830782648, 1.6310305830782648, 1.6310305830782648, 1.6310305830782648, 1.6310305830782648, 1.6310305830782648, 1.6310305830782648, 1.6310305830782648, 1.6310305830782648, 1.6310305830782648, 1.6310305830782648, 1.6310305830782648, 1.6310305830782648, 1.6310305830782648, 1.6310305830782648, 1.6310305830782648, 1.6310305830782648, 1.6310305830782648, 1.6310305830782648, 1.6310305830782648, 1.6310305830782648, 1.6310305830782648, 1.6310305830782648, 1.6310305830782648, 1.6310305830782648, 1.6310305830782648, 1.6310305830782648, 1.6310305830782648, 1.6310305830782648, 1.6310305830782648, 1.6310305830782648, 1.6310305830782648, 1.6310305830782648, 1.6310305830782648, 1.6310305830782648, 1.6310305830782648, 1.6310305830782648, 1.6310305830782648, 1.6310305830782648, 1.6310305830782648, 1.6310305830782648, 1.6310305830782648, 1.6310305830782648, 1.6310305830782648, 1.6310305830782648, 1.6310305830782648, 1.6310305830782648, 1.6310305830782648, 1.6310305830782648, 1.6310305830782648, 1.6310305830782648, 1.6310305830782648, 1.6310305830782648, 1.6310305830782648, 1.6310305830782648, 1.6310305830782648, 1.6310305830782648, 1.6310305830782648, 1.6310305830782648, 1.6310305830782648, 1.6310305830782648, 1.6310305830782648, 1.6310305830782648, 1.6310305830782648, 1.6310305830782648, 1.6310305830782648, 1.6310305830782648, 1.6310305830782648, 1.6310305830782648, 1.6310305830782648, 1.6310305830782648, 1.6310305830782648, 1.6310305830782648, 1.6310305830782648, 1.6310305830782648, 1.6310305830782648, 1.6310305830782648, 1.6310305830782648, 1.6310305830782648, 1.6310305830782648, 1.6310305830782648, 1.6310305830782648, 1.6310305830782648, 1.6310305830782648, 1.6310305830782648, 1.6310305830782648, 1.6310305830782648, 1.6310305830782648, 1.6310305830782648, 1.6310305830782648, 1.6310305830782648, 1.6310305830782648, 1.6310305830782648, 1.6310305830782648, 1.6310305830782648, 1.6310305830782648, 1.6310305830782648, 1.6310305830782648, 1.6310305830782648, 1.6310305830782648, 1.6310305830782648, 1.6310305830782648, 1.6310305830782648, 1.6310305830782648, 1.6310305830782648, 1.6310305830782648, 1.6310305830782648, 1.6310305830782648, 1.6310305830782648, 1.6310305830782648, 1.6310305830782648, 1.6310305830782648, 1.6310305830782648, 1.6310305830782648, 1.6310305830782648, 1.6310305830782648, 1.6310305830782648, 1.6310305830782648, 1.6310305830782648, 1.6310305830782648, 1.6310305830782648, 1.6310305830782648, 1.6310305830782648, 1.6310305830782648, 1.6310305830782648, 1.6310305830782648, 1.6310305830782648, 1.6310305830782648, 1.6310305830782648, 1.6310305830782648, 1.6310305830782648, 1.6310305830782648, 1.6310305830782648, 1.6310305830782648, 1.6310305830782648, 1.6310305830782648, 1.6310305830782648, 1.6310305830782648, 1.6310305830782648, 1.6310305830782648, 1.6310305830782648, 1.6310305830782648, 1.6310305830782648, 1.6310305830782648, 1.6310305830782648, 1.6310305830782648, 1.6310305830782648, 1.6310305830782648, 1.6310305830782648, 1.6310305830782648, 1.6310305830782648, 1.6310305830782648, 1.6310305830782648, 1.6310305830782648, 1.6310305830782648, 1.6310305830782648, 1.6310305830782648, 1.6310305830782648, 1.6310305830782648, 1.6310305830782648, 1.6310305830782648, 1.6310305830782648, 1.6310305830782648, 1.6310305830782648, 1.6310305830782648, 1.6310305830782648, 1.6310305830782648, 1.6310305830782648, 1.6310305830782648, 1.6310305830782648, 1.6310305830782648, 1.6310305830782648, 1.6310305830782648, 1.6310305830782648, 1.6310305830782648, 1.6310305830782648, 1.6310305830782648, 1.6310305830782648, 1.6310305830782648, 1.6310305830782648, 1.6310305830782648, 1.6310305830782648, 1.6310305830782648, 1.6310305830782648, 1.6310305830782648, 1.6310305830782648, 1.6310305830782648, 1.6310305830782648, 1.6310305830782648, 1.6310305830782648, 1.6310305830782648, 1.6310305830782648, 1.6310305830782648, 1.6310305830782648, 1.6310305830782648, 1.6310305830782648, 1.6310305830782648, 1.6310305830782648, 1.6310305830782648, 1.6310305830782648, 1.6310305830782648, 1.6310305830782648, 1.6310305830782648, 1.6310305830782648, 1.6310305830782648, 1.6310305830782648, 1.6310305830782648, 1.6310305830782648, 1.6310305830782648, 1.6310305830782648, 1.6310305830782648, 1.6310305830782648, 1.6310305830782648, 1.6310305830782648, 1.6310305830782648, 1.6310305830782648, 1.6310305830782648, 1.6310305830782648, 1.6310305830782648, 1.6310305830782648, 1.6310305830782648, 1.6310305830782648, 1.6310305830782648, 1.6310305830782648, 1.6310305830782648, 1.6310305830782648, 1.6310305830782648, 1.6310305830782648, 1.6310305830782648, 1.6310305830782648, 1.6310305830782648, 1.6310305830782648, 1.6310305830782648, 1.6310305830782648, 1.6310305830782648, 1.6310305830782648, 1.6310305830782648, 1.6310305830782648, 1.6310305830782648, 1.6310305830782648, 1.6310305830782648, 1.6310305830782648, 1.6310305830782648, 1.6310305830782648, 1.6310305830782648, 1.6310305830782648, 1.6310305830782648, 1.6310305830782648, 1.6310305830782648, 1.6310305830782648, 1.6310305830782648, 1.6310305830782648, 1.6310305830782648, 1.6310305830782648, 1.6310305830782648, 1.6310305830782648, 1.6310305830782648, 1.6310305830782648, 1.6310305830782648, 1.6310305830782648, 1.6310305830782648, 1.6310305830782648, 1.6310305830782648, 1.6310305830782648, 1.6310305830782648, 1.6310305830782648, 1.6310305830782648, 1.6310305830782648, 1.6310305830782648, 1.6310305830782648, 1.6310305830782648, 1.6310305830782648, 1.6310305830782648, 1.6310305830782648, 1.6310305830782648, 1.6310305830782648, 1.6310305830782648, 1.6310305830782648, 1.6310305830782648, 1.6310305830782648, 1.6310305830782648, 1.6310305830782648, 1.6310305830782648, 1.6310305830782648, 1.6310305830782648, 1.6310305830782648, 1.6310305830782648, 1.6310305830782648, 1.6310305830782648, 1.6310305830782648, 1.6310305830782648, 1.6310305830782648, 1.6310305830782648, 1.6310305830782648, 1.6310305830782648, 1.6310305830782648, 1.6310305830782648, 1.6310305830782648, 1.6310305830782648, 1.6310305830782648, 1.6310305830782648, 1.6310305830782648, 1.6310305830782648, 1.6310305830782648, 1.6310305830782648, 1.6310305830782648, 1.6310305830782648, 1.6310305830782648, 1.6310305830782648, 1.6310305830782648, 1.6310305830782648, 1.6310305830782648, 1.6310305830782648, 1.6310305830782648, 1.6310305830782648, 1.6310305830782648, 1.6310305830782648, 1.6310305830782648, 1.6310305830782648, 1.6310305830782648, 1.6310305830782648, 1.6310305830782648, 1.6310305830782648, 1.6310305830782648, 1.6310305830782648, 1.6310305830782648, 1.6310305830782648, 1.6310305830782648, 1.6310305830782648, 1.6310305830782648, 1.6310305830782648, 1.6310305830782648, 1.6310305830782648, 1.6310305830782648, 1.6310305830782648, 1.6310305830782648, 1.6310305830782648, 1.6310305830782648, 1.6310305830782648, 1.6310305830782648, 1.6310305830782648, 1.6310305830782648, 1.6310305830782648, 1.6310305830782648, 1.6310305830782648, 1.6310305830782648, 1.6310305830782648, 1.6310305830782648, 1.6310305830782648, 1.6310305830782648, 1.6310305830782648, 1.6310305830782648, 1.6310305830782648, 1.6310305830782648, 1.6310305830782648, 1.6310305830782648, 1.6310305830782648, 1.6310305830782648, 1.6310305830782648, 1.6310305830782648, 1.6310305830782648, 1.6310305830782648, 1.6310305830782648, 1.6310305830782648, 1.6310305830782648, 1.6310305830782648, 1.6310305830782648, 1.6310305830782648, 1.6310305830782648, 1.6310305830782648, 1.6310305830782648, 1.6310305830782648, 1.6310305830782648, 1.6310305830782648, 1.6310305830782648, 1.6310305830782648, 1.6310305830782648, 1.6310305830782648, 1.6310305830782648, 1.6310305830782648, 1.6310305830782648, 1.6310305830782648, 1.6310305830782648, 1.6310305830782648, 1.6310305830782648, 1.6310305830782648, 1.6310305830782648, 1.6310305830782648, 1.6310305830782648, 1.6310305830782648, 1.6310305830782648, 1.6310305830782648, 1.6310305830782648, 1.6310305830782648, 1.6310305830782648, 1.6310305830782648, 1.6310305830782648, 1.6310305830782648, 1.6310305830782648, 1.6310305830782648, 1.6310305830782648, 1.6310305830782648, 1.6310305830782648, 1.6310305830782648, 1.6310305830782648, 1.6310305830782648, 1.6310305830782648, 1.6310305830782648, 1.6310305830782648, 1.6310305830782648, 1.6310305830782648, 1.6310305830782648, 1.6310305830782648, 1.6310305830782648, 1.6310305830782648, 1.6310305830782648, 1.6310305830782648, 1.6310305830782648, 1.6310305830782648, 1.6310305830782648, 1.6310305830782648, 1.6310305830782648, 1.6310305830782648, 1.6310305830782648, 1.6310305830782648, 1.6310305830782648, 1.6310305830782648, 1.6310305830782648, 1.6310305830782648, 1.6310305830782648, 1.6310305830782648, 1.6310305830782648, 1.6310305830782648, 1.6310305830782648, 1.6310305830782648, 1.6310305830782648, 1.6310305830782648, 1.6310305830782648, 1.6310305830782648, 1.6310305830782648, 1.6310305830782648, 1.6310305830782648, 1.6310305830782648, 1.6310305830782648, 1.6310305830782648, 1.6310305830782648, 1.6310305830782648, 1.6310305830782648, 1.6310305830782648, 1.6310305830782648, 1.6310305830782648, 1.6310305830782648, 1.6310305830782648, 1.6310305830782648, 1.6310305830782648, 1.6310305830782648, 1.6310305830782648, 1.6310305830782648, 1.6310305830782648, 1.6310305830782648, 1.6310305830782648, 1.6310305830782648, 1.6310305830782648, 1.6310305830782648, 1.6310305830782648, 1.6310305830782648, 1.6310305830782648, 1.6310305830782648, 1.6310305830782648, 1.6310305830782648, 1.6310305830782648, 1.6310305830782648, 1.6310305830782648, 1.6310305830782648, 1.6310305830782648, 1.6310305830782648, 1.6310305830782648, 1.6310305830782648, 1.6310305830782648, 1.6310305830782648, 1.6310305830782648, 1.6310305830782648, 1.6310305830782648, 1.6310305830782648, 1.6310305830782648, 1.6310305830782648, 1.6310305830782648, 1.6310305830782648, 1.6310305830782648, 1.6310305830782648, 1.6310305830782648, 1.6310305830782648, 1.6310305830782648, 1.6310305830782648, 1.6310305830782648, 1.6310305830782648, 1.6310305830782648, 1.6310305830782648, 1.6310305830782648, 1.6310305830782648, 1.6310305830782648, 1.6310305830782648, 1.6310305830782648, 1.6310305830782648, 1.6310305830782648, 1.6310305830782648, 1.6310305830782648, 1.6310305830782648, 1.6310305830782648, 1.6310305830782648, 1.6310305830782648, 1.6310305830782648, 1.6310305830782648, 1.6310305830782648, 1.6310305830782648, 1.6310305830782648, 1.6310305830782648, 1.6310305830782648, 1.6310305830782648, 1.6310305830782648, 1.6310305830782648, 1.6310305830782648, 1.6310305830782648, 1.6310305830782648, 1.6310305830782648, 1.6310305830782648, 1.6310305830782648, 1.6310305830782648, 1.6310305830782648, 1.6310305830782648, 1.6310305830782648, 1.6310305830782648, 1.6310305830782648, 1.6310305830782648, 1.6310305830782648, 1.6310305830782648, 1.6310305830782648, 1.6310305830782648, 1.6310305830782648, 1.6310305830782648, 1.6310305830782648, 1.6310305830782648, 1.6310305830782648, 1.6310305830782648, 1.6310305830782648, 1.6310305830782648, 1.6310305830782648, 1.6310305830782648, 1.6310305830782648, 1.6310305830782648, 1.6310305830782648, 1.6310305830782648, 1.6310305830782648, 1.6310305830782648, 1.6310305830782648, 1.6310305830782648, 1.6310305830782648, 1.6310305830782648, 1.6310305830782648, 1.6310305830782648, 1.6310305830782648, 1.6310305830782648, 1.6310305830782648, 1.6310305830782648, 1.6310305830782648, 1.6310305830782648, 1.6310305830782648, 1.6310305830782648, 1.6310305830782648, 1.6310305830782648, 1.6310305830782648, 1.6310305830782648, 1.6310305830782648, 1.6310305830782648, 1.6310305830782648, 1.6310305830782648, 1.6310305830782648, 1.6310305830782648, 1.6310305830782648, 1.6310305830782648, 1.6310305830782648, 1.6310305830782648, 1.6310305830782648, 1.6310305830782648, 1.6310305830782648, 1.6310305830782648, 1.6310305830782648, 1.6310305830782648, 1.6310305830782648, 1.6310305830782648, 1.6310305830782648, 1.6310305830782648, 1.6310305830782648, 1.6310305830782648, 1.6310305830782648, 1.6310305830782648, 1.6310305830782648, 1.6310305830782648, 1.6310305830782648, 1.6310305830782648, 1.6310305830782648, 1.6310305830782648, 1.6310305830782648, 1.6310305830782648, 1.6310305830782648, 1.6310305830782648, 1.6310305830782648, 1.6310305830782648, 1.6310305830782648, 1.6310305830782648, 1.6310305830782648, 1.6310305830782648, 1.6310305830782648, 1.6310305830782648, 1.6310305830782648, 1.6310305830782648, 1.6310305830782648, 1.6310305830782648, 1.6310305830782648, 1.6310305830782648, 1.6310305830782648, 1.6310305830782648, 1.6310305830782648, 1.6310305830782648, 1.6310305830782648, 1.6310305830782648, 1.6310305830782648, 1.6310305830782648, 1.6310305830782648, 1.6310305830782648, 1.6310305830782648, 1.6310305830782648, 1.6310305830782648, 1.6310305830782648, 1.6310305830782648, 1.6310305830782648, 1.6310305830782648, 1.6310305830782648, 1.6310305830782648, 1.6310305830782648, 1.6310305830782648, 1.6310305830782648, 1.6310305830782648, 1.6310305830782648, 1.6310305830782648, 1.6310305830782648, 1.6310305830782648, 1.6310305830782648, 1.6310305830782648, 1.6310305830782648, 1.6310305830782648, 1.6310305830782648, 1.6310305830782648, 1.6310305830782648, 1.6310305830782648, 1.6310305830782648, 1.6310305830782648, 1.6310305830782648, 1.6310305830782648, 1.6310305830782648, 1.6310305830782648, 1.6310305830782648, 1.6310305830782648, 1.6310305830782648, 1.6310305830782648, 1.6310305830782648, 1.6310305830782648, 1.6310305830782648, 1.6310305830782648, 1.6310305830782648, 1.6310305830782648, 1.6310305830782648, 1.6310305830782648, 1.6310305830782648, 1.6310305830782648, 1.6310305830782648, 1.6310305830782648, 1.6310305830782648, 1.6310305830782648, 1.6310305830782648, 1.6310305830782648, 1.6310305830782648, 1.6310305830782648, 1.6310305830782648, 1.6310305830782648, 1.6310305830782648, 1.6310305830782648, 1.6310305830782648, 1.6310305830782648, 1.6310305830782648, 1.6310305830782648, 1.6310305830782648, 1.6310305830782648, 1.6310305830782648, 1.6310305830782648, 1.6310305830782648, 1.6310305830782648, 1.6310305830782648, 1.6310305830782648, 1.6310305830782648, 1.6310305830782648, 1.6310305830782648, 1.6310305830782648, 1.6310305830782648, 1.6310305830782648, 1.6310305830782648, 1.6310305830782648, 1.6310305830782648, 1.6310305830782648, 1.6310305830782648, 1.6310305830782648, 1.6310305830782648, 1.6310305830782648, 1.6310305830782648, 1.6310305830782648, 1.6310305830782648, 1.6310305830782648, 1.6310305830782648, 1.6310305830782648, 1.6310305830782648, 1.6310305830782648, 1.6310305830782648, 1.6310305830782648, 1.6310305830782648, 1.6310305830782648, 1.6310305830782648, 1.6310305830782648, 1.6310305830782648, 1.6310305830782648, 1.6310305830782648, 1.6310305830782648, 1.6310305830782648, 1.6310305830782648, 1.6310305830782648, 1.6310305830782648, 1.6310305830782648, 1.6310305830782648, 1.6310305830782648, 1.6310305830782648, 1.6310305830782648, 1.6310305830782648, 1.6310305830782648, 1.6310305830782648, 1.6310305830782648, 1.6310305830782648, 1.6310305830782648, 1.6310305830782648, 1.6310305830782648, 1.6310305830782648, 1.6310305830782648, 1.6310305830782648, 1.6310305830782648, 1.6310305830782648, 1.6310305830782648, 1.6310305830782648, 1.6310305830782648, 1.6310305830782648, 1.6310305830782648, 1.6310305830782648, 1.6310305830782648, 1.6310305830782648, 1.6310305830782648, 1.6310305830782648, 1.6310305830782648, 1.6310305830782648, 1.6310305830782648, 1.6310305830782648, 1.6310305830782648, 1.6310305830782648, 1.6310305830782648, 1.6310305830782648, 1.6310305830782648, 1.6310305830782648, 1.6310305830782648, 1.6310305830782648, 1.6310305830782648, 1.6310305830782648, 1.6310305830782648, 1.6310305830782648, 1.6310305830782648, 1.6310305830782648, 1.6310305830782648, 1.6310305830782648, 1.6310305830782648, 1.6310305830782648, 1.6310305830782648, 1.6310305830782648, 1.6310305830782648, 1.6310305830782648, 1.6310305830782648, 1.6310305830782648, 1.6310305830782648, 1.6310305830782648, 1.6310305830782648, 1.6310305830782648, 1.6310305830782648, 1.6310305830782648, 1.6310305830782648, 1.6310305830782648, 1.6310305830782648, 1.6310305830782648, 1.7675305141834177, 1.7675305141834177, 1.7675305141834177, 1.7675305141834177, 1.7675305141834177, 1.7675305141834177, 1.7675305141834177, 1.7675305141834177, 1.7675305141834177, 1.7675305141834177, 1.7675305141834177, 1.7675305141834177, 1.7675305141834177, 1.7675305141834177, 1.7675305141834177, 1.7675305141834177, 1.7675305141834177, 1.7675305141834177, 1.7675305141834177, 1.7675305141834177, 1.7675305141834177, 1.7675305141834177, 1.7675305141834177, 1.7675305141834177, 1.7675305141834177, 1.7675305141834177, 1.7675305141834177, 1.7675305141834177, 1.7675305141834177, 1.7675305141834177, 1.7675305141834177, 1.7675305141834177, 1.7675305141834177, 1.7675305141834177, 1.7675305141834177, 1.7675305141834177, 1.7675305141834177, 1.7675305141834177, 1.7675305141834177, 1.7675305141834177, 1.7675305141834177, 1.7675305141834177, 1.7675305141834177, 1.7675305141834177, 1.7675305141834177, 1.7675305141834177, 1.7675305141834177, 1.7675305141834177, 1.7675305141834177, 1.7675305141834177, 1.7675305141834177, 1.7675305141834177, 1.7675305141834177, 1.7675305141834177, 1.7675305141834177, 1.7675305141834177, 1.7675305141834177, 1.7675305141834177, 1.7675305141834177, 1.7675305141834177, 1.7675305141834177, 1.7675305141834177, 1.7675305141834177, 1.7675305141834177, 1.7675305141834177, 1.7675305141834177, 1.7675305141834177, 1.7675305141834177, 1.7675305141834177, 1.7675305141834177, 1.7675305141834177, 1.7675305141834177, 1.7675305141834177, 1.7675305141834177, 1.7675305141834177, 1.7675305141834177, 1.7675305141834177, 1.7675305141834177, 1.7675305141834177, 1.7675305141834177, 1.7675305141834177, 1.7675305141834177, 1.7675305141834177, 1.7675305141834177, 1.7675305141834177, 1.7675305141834177, 1.7675305141834177, 1.7675305141834177, 1.7675305141834177, 1.7675305141834177, 1.7675305141834177, 1.7675305141834177, 1.7675305141834177, 1.7675305141834177, 1.7675305141834177, 1.7675305141834177, 1.7675305141834177, 1.7675305141834177, 1.7675305141834177, 1.7675305141834177, 1.7675305141834177, 1.7675305141834177, 1.7675305141834177, 1.7675305141834177, 1.7675305141834177, 1.7675305141834177, 1.7675305141834177, 1.7675305141834177, 1.7675305141834177, 1.7675305141834177, 1.7675305141834177, 1.7675305141834177, 1.7675305141834177, 1.7675305141834177, 1.7675305141834177, 1.7675305141834177, 1.7675305141834177, 1.7675305141834177, 1.7675305141834177, 1.7675305141834177, 1.7675305141834177, 1.7675305141834177, 1.7675305141834177, 1.7675305141834177, 1.7675305141834177, 1.7675305141834177, 1.7675305141834177, 1.7675305141834177, 1.7675305141834177, 1.7675305141834177, 1.7675305141834177, 1.7675305141834177, 1.7675305141834177, 1.7675305141834177, 1.7675305141834177, 1.7675305141834177, 1.7675305141834177, 1.7675305141834177, 1.7675305141834177, 1.7675305141834177, 1.7675305141834177, 1.7675305141834177, 1.7675305141834177, 1.7675305141834177, 1.7675305141834177, 1.7675305141834177, 1.7675305141834177, 1.7675305141834177, 1.7675305141834177, 1.7675305141834177, 1.7675305141834177, 1.7675305141834177, 1.7675305141834177, 1.7675305141834177, 1.7675305141834177, 1.7675305141834177, 1.7675305141834177, 1.7675305141834177, 1.7675305141834177, 1.7675305141834177, 1.7675305141834177, 1.7675305141834177, 1.7675305141834177, 1.7675305141834177, 1.7675305141834177, 1.7675305141834177, 1.7675305141834177, 1.7675305141834177, 1.7675305141834177, 1.7675305141834177, 1.7675305141834177, 1.7675305141834177, 1.7675305141834177, 1.7675305141834177, 1.7675305141834177, 1.7675305141834177, 1.7675305141834177, 1.7675305141834177, 1.7675305141834177, 1.7675305141834177, 1.7675305141834177, 1.7675305141834177, 1.7675305141834177, 1.7675305141834177, 1.7675305141834177, 1.7675305141834177, 1.7675305141834177, 1.7675305141834177, 1.7675305141834177, 1.7675305141834177, 1.7675305141834177, 1.7675305141834177, 1.7675305141834177, 1.7675305141834177, 1.7675305141834177, 1.7675305141834177, 1.7675305141834177, 1.7675305141834177, 1.7675305141834177, 1.7675305141834177, 1.7675305141834177, 1.7675305141834177, 1.7675305141834177, 1.7675305141834177, 1.7675305141834177, 1.7675305141834177, 1.7675305141834177, 1.7675305141834177, 1.7675305141834177, 1.7675305141834177, 1.7675305141834177, 1.7675305141834177, 1.7675305141834177, 1.7675305141834177, 1.7675305141834177, 1.7675305141834177, 1.7675305141834177, 1.7675305141834177, 1.7675305141834177, 1.7675305141834177, 1.7675305141834177, 1.7675305141834177, 1.7675305141834177, 1.7675305141834177, 1.7675305141834177, 1.7675305141834177, 1.7675305141834177, 1.7675305141834177, 1.7675305141834177, 1.7675305141834177, 1.7675305141834177, 1.7675305141834177, 1.7675305141834177, 1.7675305141834177, 1.7675305141834177, 1.7675305141834177, 1.7675305141834177, 1.7675305141834177, 1.7675305141834177, 1.7675305141834177, 1.7675305141834177, 1.7675305141834177, 1.7675305141834177, 1.7675305141834177, 1.7675305141834177, 1.7675305141834177, 1.7675305141834177, 1.7675305141834177, 1.7675305141834177, 1.7675305141834177, 1.7675305141834177, 1.7675305141834177, 1.7675305141834177, 1.7675305141834177, 1.7675305141834177, 1.7675305141834177, 1.7675305141834177, 1.7675305141834177, 1.7675305141834177, 1.7675305141834177, 1.7675305141834177, 1.7675305141834177, 1.7675305141834177, 1.7675305141834177, 1.7675305141834177, 1.7675305141834177, 1.7675305141834177, 1.7675305141834177, 1.7675305141834177, 1.7675305141834177, 1.7675305141834177, 1.7675305141834177, 1.7675305141834177, 1.7675305141834177, 1.7675305141834177, 1.7675305141834177, 1.7675305141834177, 1.7675305141834177, 1.7675305141834177, 1.7675305141834177, 1.7675305141834177, 1.7675305141834177, 1.7675305141834177, 1.7675305141834177, 1.7675305141834177, 1.7675305141834177, 1.7675305141834177, 1.7675305141834177, 1.7675305141834177, 1.7675305141834177, 1.7675305141834177, 1.7675305141834177, 1.7675305141834177, 1.7675305141834177, 1.7675305141834177, 1.7675305141834177, 1.7675305141834177, 1.7675305141834177, 1.7675305141834177, 1.7675305141834177, 1.7675305141834177, 1.7675305141834177, 1.7675305141834177, 1.7675305141834177, 1.7675305141834177, 1.7675305141834177, 1.7675305141834177, 1.7675305141834177, 1.7675305141834177, 1.7675305141834177, 1.7675305141834177, 1.7675305141834177, 1.7675305141834177, 1.7675305141834177, 1.7675305141834177, 1.7675305141834177, 1.7675305141834177, 1.7675305141834177, 1.7675305141834177, 1.7675305141834177, 1.7675305141834177, 1.7675305141834177, 1.7675305141834177, 1.7675305141834177, 1.7675305141834177, 1.7675305141834177, 1.7675305141834177, 1.7675305141834177, 1.7675305141834177, 1.7675305141834177, 1.7675305141834177, 1.7675305141834177, 1.7675305141834177, 1.7675305141834177, 1.7675305141834177, 1.7675305141834177, 1.7675305141834177, 1.7675305141834177, 1.7675305141834177, 1.7675305141834177, 1.7675305141834177, 1.7675305141834177, 1.7675305141834177, 1.7675305141834177, 1.7675305141834177, 1.7675305141834177, 1.7675305141834177, 1.7675305141834177, 1.7675305141834177, 1.7675305141834177, 1.7675305141834177, 1.7675305141834177, 1.7675305141834177, 1.7675305141834177, 1.7675305141834177, 1.7675305141834177, 1.7675305141834177, 1.7675305141834177, 1.7675305141834177, 1.7675305141834177, 1.7675305141834177, 1.7675305141834177, 1.7675305141834177, 1.7675305141834177, 1.7675305141834177, 1.7675305141834177, 1.7675305141834177, 1.7675305141834177, 1.7675305141834177, 1.7675305141834177, 1.7675305141834177, 1.7675305141834177, 1.7675305141834177, 1.7675305141834177, 1.7675305141834177, 1.7675305141834177, 1.7675305141834177, 1.7675305141834177, 1.7675305141834177, 1.7675305141834177, 1.7675305141834177, 1.7675305141834177, 1.7675305141834177, 1.7675305141834177, 1.7675305141834177, 1.7675305141834177, 1.7675305141834177, 1.7675305141834177, 1.7675305141834177, 1.7675305141834177, 1.7675305141834177, 1.7675305141834177, 1.7675305141834177, 1.7675305141834177, 1.7675305141834177, 1.7675305141834177, 1.7675305141834177, 1.7675305141834177, 1.7675305141834177, 1.7675305141834177, 1.7675305141834177, 1.7675305141834177, 1.7675305141834177, 1.7675305141834177, 1.7675305141834177, 1.7675305141834177, 1.7675305141834177, 1.7675305141834177, 1.7675305141834177, 1.7675305141834177, 1.7675305141834177, 1.7675305141834177, 1.7675305141834177, 1.7675305141834177, 1.7675305141834177, 1.7675305141834177, 1.7675305141834177, 1.7675305141834177, 1.7675305141834177, 1.7675305141834177, 1.7675305141834177, 1.7675305141834177, 1.7675305141834177, 1.7675305141834177, 1.7675305141834177, 1.7675305141834177, 1.7675305141834177, 1.7675305141834177, 1.7675305141834177, 1.7675305141834177, 1.7675305141834177, 1.7675305141834177, 1.7675305141834177, 1.7675305141834177, 1.7675305141834177, 1.7675305141834177, 1.7675305141834177, 1.7675305141834177, 1.7675305141834177, 1.7675305141834177, 1.7675305141834177, 1.7675305141834177, 1.7675305141834177, 1.7675305141834177, 1.7675305141834177, 1.7675305141834177, 1.7675305141834177, 1.7675305141834177, 1.7675305141834177, 1.7675305141834177, 1.7675305141834177, 1.7675305141834177, 1.7675305141834177, 1.7675305141834177, 1.7675305141834177, 1.7675305141834177, 1.7675305141834177, 1.7675305141834177, 1.7675305141834177, 1.7675305141834177, 1.7675305141834177, 1.7675305141834177, 1.7675305141834177, 1.7675305141834177, 1.7675305141834177, 1.7675305141834177, 1.7675305141834177, 1.7675305141834177, 1.7675305141834177, 1.7675305141834177, 1.7675305141834177, 1.7675305141834177, 1.7675305141834177, 1.7675305141834177, 1.7675305141834177, 1.7675305141834177, 1.7675305141834177, 1.7675305141834177, 1.7675305141834177, 1.7675305141834177, 1.7675305141834177, 1.7675305141834177, 1.7675305141834177, 1.7675305141834177, 1.7675305141834177, 1.7675305141834177, 1.7675305141834177, 1.7675305141834177, 1.7675305141834177, 1.7675305141834177, 1.7675305141834177, 1.7675305141834177, 1.7675305141834177, 1.7675305141834177, 1.7675305141834177, 1.7675305141834177, 1.7675305141834177, 1.7675305141834177, 1.7675305141834177, 1.7675305141834177, 1.7675305141834177, 1.7675305141834177, 1.7675305141834177, 1.7675305141834177, 1.7675305141834177, 1.7675305141834177, 1.7675305141834177, 1.7675305141834177, 1.7675305141834177, 1.7675305141834177, 1.7675305141834177, 1.7675305141834177, 1.7675305141834177, 1.7675305141834177, 1.7675305141834177, 1.7675305141834177, 1.7675305141834177, 1.7675305141834177, 1.7675305141834177, 1.7675305141834177, 1.7675305141834177, 1.7675305141834177, 1.7675305141834177, 1.7675305141834177, 1.7675305141834177, 1.7675305141834177, 1.7675305141834177, 1.7675305141834177, 1.7675305141834177, 1.7675305141834177, 1.7675305141834177, 1.7675305141834177, 1.7675305141834177, 1.7675305141834177, 1.7675305141834177, 1.7675305141834177, 1.7675305141834177, 1.7675305141834177, 1.7675305141834177, 1.7675305141834177, 1.7675305141834177, 1.7675305141834177, 1.7675305141834177, 1.7675305141834177, 1.7675305141834177, 1.7675305141834177, 1.7675305141834177, 1.7675305141834177, 1.7675305141834177, 1.7675305141834177, 1.7675305141834177, 1.7675305141834177, 1.7675305141834177, 1.7675305141834177, 1.7675305141834177, 1.7675305141834177, 1.7675305141834177, 1.7675305141834177, 1.7675305141834177, 1.7675305141834177, 1.7675305141834177, 1.7675305141834177, 1.7675305141834177, 1.7675305141834177, 1.7675305141834177, 1.7675305141834177, 1.7675305141834177, 1.7675305141834177, 1.7675305141834177, 1.7675305141834177, 1.7675305141834177, 1.7675305141834177, 1.7675305141834177, 1.7675305141834177, 1.7675305141834177, 1.7675305141834177, 1.7675305141834177, 1.7675305141834177, 1.7675305141834177, 1.7675305141834177, 1.7675305141834177, 1.7675305141834177, 1.7675305141834177, 1.7675305141834177, 1.7675305141834177, 1.7675305141834177, 1.7675305141834177, 1.7675305141834177, 1.7675305141834177, 1.7675305141834177, 1.7675305141834177, 1.7675305141834177, 1.7675305141834177, 1.7675305141834177, 1.7675305141834177, 1.7675305141834177, 1.7675305141834177, 1.7675305141834177, 1.7675305141834177, 1.7675305141834177, 1.7675305141834177, 1.7675305141834177, 1.7675305141834177, 1.7675305141834177, 1.7675305141834177, 1.7675305141834177, 1.7675305141834177, 1.7675305141834177, 1.7675305141834177, 1.7675305141834177, 1.7675305141834177, 1.7675305141834177, 1.7675305141834177, 1.7675305141834177, 1.7675305141834177, 1.7675305141834177, 1.7675305141834177, 1.7675305141834177, 1.7675305141834177, 1.7675305141834177, 1.7675305141834177, 1.7675305141834177, 1.7675305141834177, 1.7675305141834177, 1.7675305141834177, 1.7675305141834177, 1.7675305141834177, 1.7675305141834177, 1.7675305141834177, 1.7675305141834177, 1.7675305141834177, 1.7675305141834177, 1.7675305141834177, 1.7675305141834177, 1.7675305141834177, 1.7675305141834177, 1.7675305141834177, 1.7675305141834177, 1.7675305141834177, 1.7675305141834177, 1.7675305141834177, 1.7675305141834177, 1.7675305141834177, 1.7675305141834177, 1.7675305141834177, 1.7675305141834177, 1.7675305141834177, 1.7675305141834177, 1.7675305141834177, 1.7675305141834177, 1.7675305141834177, 1.7675305141834177, 1.7675305141834177, 1.7675305141834177, 1.7675305141834177, 1.7675305141834177, 1.7675305141834177, 1.7675305141834177, 1.7675305141834177, 1.7675305141834177, 1.7675305141834177, 1.7675305141834177, 1.7675305141834177, 1.7675305141834177, 1.7675305141834177, 1.7675305141834177, 1.7675305141834177, 1.7675305141834177, 1.7675305141834177, 1.7675305141834177, 1.7675305141834177, 1.7675305141834177, 1.7675305141834177, 1.7675305141834177, 1.7675305141834177, 1.7675305141834177, 1.7675305141834177, 1.7675305141834177, 1.7675305141834177, 1.7675305141834177, 1.7675305141834177, 1.7675305141834177, 1.7675305141834177, 1.7675305141834177, 1.7675305141834177, 1.7675305141834177, 1.7675305141834177, 1.7675305141834177, 1.7675305141834177, 1.7675305141834177, 1.7675305141834177, 1.7675305141834177, 1.7675305141834177, 1.7675305141834177, 1.7675305141834177, 1.7675305141834177, 1.7675305141834177, 1.7675305141834177, 1.7675305141834177, 1.7675305141834177, 1.7675305141834177, 1.7675305141834177, 1.7675305141834177, 1.7675305141834177, 1.7675305141834177, 1.7675305141834177, 1.7675305141834177, 1.7675305141834177, 1.7675305141834177, 1.7675305141834177, 1.7675305141834177, 1.7675305141834177, 1.7675305141834177, 1.7675305141834177, 1.7675305141834177, 1.7675305141834177, 1.7675305141834177, 1.7675305141834177, 1.7675305141834177, 1.7675305141834177, 1.7675305141834177, 1.7675305141834177, 1.7675305141834177, 1.7675305141834177, 1.7675305141834177, 1.7675305141834177, 1.7675305141834177, 1.7675305141834177, 1.7675305141834177, 1.7675305141834177, 1.7675305141834177, 1.7675305141834177, 1.7675305141834177, 1.7675305141834177, 1.7675305141834177, 1.7675305141834177, 1.7675305141834177, 1.7675305141834177, 1.7675305141834177, 1.7675305141834177, 1.7675305141834177, 1.7675305141834177, 1.7675305141834177, 1.7675305141834177, 1.7675305141834177, 1.7675305141834177, 1.7675305141834177, 1.7675305141834177, 1.7675305141834177, 1.7675305141834177, 1.7675305141834177, 1.7675305141834177, 1.7675305141834177, 1.7675305141834177, 1.7675305141834177, 1.7675305141834177, 1.7675305141834177, 1.7675305141834177, 1.7675305141834177, 1.7675305141834177, 1.7675305141834177, 1.7675305141834177, 1.7675305141834177, 1.7675305141834177, 1.7675305141834177, 1.7675305141834177, 1.7675305141834177, 1.7675305141834177, 1.7675305141834177, 1.7675305141834177, 1.7675305141834177, 1.7675305141834177, 1.7675305141834177, 1.7675305141834177, 1.7675305141834177, 1.7675305141834177, 1.7675305141834177, 1.7675305141834177, 1.7675305141834177, 1.7675305141834177, 1.7675305141834177, 1.7675305141834177, 1.7675305141834177, 1.7675305141834177, 1.7675305141834177, 1.7675305141834177, 1.7675305141834177, 1.7675305141834177, 1.7675305141834177, 1.7675305141834177, 1.7675305141834177, 1.7675305141834177, 1.7675305141834177, 1.7675305141834177, 1.7675305141834177, 1.7675305141834177, 1.7675305141834177, 1.7675305141834177, 1.7675305141834177, 1.7675305141834177, 1.7675305141834177, 1.7675305141834177, 1.7675305141834177, 1.7675305141834177, 1.7675305141834177, 1.7675305141834177, 1.7675305141834177, 1.7675305141834177, 1.7675305141834177, 1.7675305141834177, 1.7675305141834177, 1.7675305141834177, 1.7675305141834177, 1.7675305141834177, 1.7675305141834177, 1.7675305141834177, 1.7675305141834177, 1.7675305141834177, 1.7675305141834177, 1.7675305141834177, 1.7675305141834177, 1.7675305141834177, 1.7675305141834177, 1.7675305141834177, 1.7675305141834177, 1.7675305141834177, 1.7675305141834177, 1.7675305141834177, 1.7675305141834177, 1.7675305141834177, 1.7675305141834177, 1.7675305141834177, 1.7675305141834177, 1.7675305141834177, 1.7675305141834177, 1.7675305141834177, 1.7675305141834177, 1.7675305141834177, 1.7675305141834177, 1.7675305141834177, 1.7675305141834177, 1.7675305141834177, 1.7675305141834177, 1.7675305141834177, 1.7675305141834177, 1.7675305141834177, 1.7675305141834177, 1.7675305141834177, 1.7675305141834177, 1.7675305141834177, 1.7675305141834177, 1.7675305141834177, 1.7675305141834177, 1.7675305141834177, 1.7675305141834177, 1.7675305141834177, 1.7675305141834177, 1.7675305141834177, 1.7675305141834177, 1.7675305141834177, 1.7675305141834177, 1.7675305141834177, 1.7675305141834177, 1.7675305141834177, 1.7675305141834177, 1.7675305141834177, 1.7675305141834177, 1.7675305141834177, 1.7675305141834177, 1.7675305141834177, 1.7675305141834177, 1.7675305141834177, 1.7675305141834177, 1.7675305141834177, 1.7675305141834177, 1.7675305141834177, 1.7675305141834177, 1.7675305141834177, 1.7675305141834177, 1.7675305141834177, 1.7675305141834177, 1.7675305141834177, 1.7675305141834177, 1.7675305141834177, 1.7675305141834177, 1.7675305141834177, 1.7675305141834177, 1.7675305141834177, 1.7675305141834177, 1.7675305141834177, 1.7675305141834177, 1.7675305141834177, 1.7675305141834177, 1.7675305141834177, 1.7675305141834177, 1.7675305141834177, 1.7675305141834177, 1.7675305141834177, 1.7675305141834177, 1.7675305141834177, 1.7675305141834177, 1.7675305141834177, 1.7675305141834177, 1.7675305141834177, 1.7675305141834177, 1.7675305141834177, 1.7675305141834177, 1.7675305141834177, 1.7675305141834177, 1.7675305141834177, 1.7675305141834177, 1.7675305141834177, 1.7675305141834177, 1.7675305141834177, 1.7675305141834177, 1.7675305141834177, 1.7675305141834177, 1.7675305141834177, 1.7675305141834177, 1.7675305141834177, 1.7675305141834177, 1.7675305141834177, 1.7675305141834177, 1.7675305141834177, 1.7675305141834177, 1.7675305141834177, 1.7675305141834177, 1.7675305141834177, 1.7675305141834177, 1.7675305141834177, 1.7675305141834177, 1.7675305141834177, 1.7675305141834177, 1.7675305141834177, 1.7675305141834177, 1.7675305141834177, 1.7675305141834177, 1.7675305141834177, 1.7675305141834177, 1.7675305141834177, 1.7675305141834177, 1.7675305141834177, 1.7675305141834177, 1.7675305141834177, 1.7675305141834177, 1.7675305141834177, 1.7675305141834177, 1.7675305141834177, 1.7675305141834177, 1.7675305141834177, 1.7675305141834177, 1.7675305141834177, 1.7675305141834177, 1.7675305141834177, 1.7675305141834177, 1.7675305141834177, 1.7675305141834177, 1.7675305141834177, 1.7675305141834177, 1.7675305141834177, 1.7675305141834177, 1.7675305141834177, 1.7675305141834177, 1.7675305141834177, 1.7675305141834177, 1.7675305141834177, 1.7675305141834177, 1.7675305141834177, 1.7675305141834177, 1.7675305141834177, 1.7675305141834177, 1.7675305141834177, 1.7675305141834177, 1.7675305141834177, 1.7675305141834177, 1.7675305141834177, 1.7675305141834177, 1.7675305141834177, 1.7675305141834177, 1.7675305141834177, 1.7675305141834177, 1.7675305141834177, 1.7675305141834177, 1.7675305141834177, 1.7675305141834177, 1.7675305141834177, 1.7675305141834177, 1.7675305141834177, 1.7675305141834177, 1.7675305141834177, 1.7675305141834177, 1.7675305141834177, 1.918002879181224, 1.918002879181224, 1.918002879181224, 1.918002879181224, 1.918002879181224, 1.918002879181224, 1.918002879181224, 1.918002879181224, 1.918002879181224, 1.918002879181224, 1.918002879181224, 1.918002879181224, 1.918002879181224, 1.918002879181224, 1.918002879181224, 1.918002879181224, 1.918002879181224, 1.918002879181224, 1.918002879181224, 1.918002879181224, 1.918002879181224, 1.918002879181224, 1.918002879181224, 1.918002879181224, 1.918002879181224, 1.918002879181224, 1.918002879181224, 1.918002879181224, 1.918002879181224, 1.918002879181224, 1.918002879181224, 1.918002879181224, 1.918002879181224, 1.918002879181224, 1.918002879181224, 1.918002879181224, 1.918002879181224, 1.918002879181224, 1.918002879181224, 1.918002879181224, 1.918002879181224, 1.918002879181224, 1.918002879181224, 1.918002879181224, 1.918002879181224, 1.918002879181224, 1.918002879181224, 1.918002879181224, 1.918002879181224, 1.918002879181224, 1.918002879181224, 1.918002879181224, 1.918002879181224, 1.918002879181224, 1.918002879181224, 1.918002879181224, 1.918002879181224, 1.918002879181224, 1.918002879181224, 1.918002879181224, 1.918002879181224, 1.918002879181224, 1.918002879181224, 1.918002879181224, 1.918002879181224, 1.918002879181224, 1.918002879181224, 1.918002879181224, 1.918002879181224, 1.918002879181224, 1.918002879181224, 1.918002879181224, 1.918002879181224, 1.918002879181224, 1.918002879181224, 1.918002879181224, 1.918002879181224, 1.918002879181224, 1.918002879181224, 1.918002879181224, 1.918002879181224, 1.918002879181224, 1.918002879181224, 1.918002879181224, 1.918002879181224, 1.918002879181224, 1.918002879181224, 1.918002879181224, 1.918002879181224, 1.918002879181224, 1.918002879181224, 1.918002879181224, 1.918002879181224, 1.918002879181224, 1.918002879181224, 1.918002879181224, 1.918002879181224, 1.918002879181224, 1.918002879181224, 1.918002879181224, 1.918002879181224, 1.918002879181224, 1.918002879181224, 1.918002879181224, 1.918002879181224, 1.918002879181224, 1.918002879181224, 1.918002879181224, 1.918002879181224, 1.918002879181224, 1.918002879181224, 1.918002879181224, 1.918002879181224, 1.918002879181224, 1.918002879181224, 1.918002879181224, 1.918002879181224, 1.918002879181224, 1.918002879181224, 1.918002879181224, 1.918002879181224, 1.918002879181224, 1.918002879181224, 1.918002879181224, 1.918002879181224, 1.918002879181224, 1.918002879181224, 1.918002879181224, 1.918002879181224, 1.918002879181224, 1.918002879181224, 1.918002879181224, 1.918002879181224, 1.918002879181224, 1.918002879181224, 1.918002879181224, 1.918002879181224, 1.918002879181224, 1.918002879181224, 1.918002879181224, 1.918002879181224, 1.918002879181224, 1.918002879181224, 1.918002879181224, 1.918002879181224, 1.918002879181224, 1.918002879181224, 1.918002879181224, 1.918002879181224, 1.918002879181224, 1.918002879181224, 1.918002879181224, 1.918002879181224, 1.918002879181224, 1.918002879181224, 1.918002879181224, 1.918002879181224, 1.918002879181224, 1.918002879181224, 1.918002879181224, 1.918002879181224, 1.918002879181224, 1.918002879181224, 1.918002879181224, 1.918002879181224, 1.918002879181224, 1.918002879181224, 1.918002879181224, 1.918002879181224, 1.918002879181224, 1.918002879181224, 1.918002879181224, 1.918002879181224, 1.918002879181224, 1.918002879181224, 1.918002879181224, 1.918002879181224, 1.918002879181224, 1.918002879181224, 1.918002879181224, 1.918002879181224, 1.918002879181224, 1.918002879181224, 1.918002879181224, 1.918002879181224, 1.918002879181224, 1.918002879181224, 1.918002879181224, 1.918002879181224, 1.918002879181224, 1.918002879181224, 1.918002879181224, 1.918002879181224, 1.918002879181224, 1.918002879181224, 1.918002879181224, 1.918002879181224, 1.918002879181224, 1.918002879181224, 1.918002879181224, 1.918002879181224, 1.918002879181224, 1.918002879181224, 1.918002879181224, 1.918002879181224, 1.918002879181224, 1.918002879181224, 1.918002879181224, 1.918002879181224, 1.918002879181224, 1.918002879181224, 1.918002879181224, 1.918002879181224, 1.918002879181224, 1.918002879181224, 1.918002879181224, 1.918002879181224, 1.918002879181224, 1.918002879181224, 1.918002879181224, 1.918002879181224, 1.918002879181224, 1.918002879181224, 1.918002879181224, 1.918002879181224, 1.918002879181224, 1.918002879181224, 1.918002879181224, 1.918002879181224, 1.918002879181224, 1.918002879181224, 1.918002879181224, 1.918002879181224, 1.918002879181224, 1.918002879181224, 2.099214598742868]"
